Results:

Channel 1:

Potential/V	Current/A

1.200	1.303e-5
1.201	6.137e-5
1.202	8.997e-5
1.203	1.112e-4
1.204	1.250e-4
1.205	1.363e-4
1.206	1.460e-4
1.207	1.547e-4
1.208	1.622e-4
1.209	1.707e-4
1.210	1.762e-4
1.211	1.822e-4
1.212	1.875e-4
1.213	1.926e-4
1.214	1.973e-4
1.215	2.018e-4
1.216	2.060e-4
1.217	2.112e-4
1.218	2.148e-4
1.219	2.180e-4
1.220	2.215e-4
1.221	2.246e-4
1.222	2.281e-4
1.223	2.305e-4
1.224	2.339e-4
1.225	2.371e-4
1.226	2.397e-4
1.227	2.426e-4
1.228	2.451e-4
1.229	2.500e-4
1.230	2.508e-4
1.231	2.541e-4
1.232	2.561e-4
1.233	2.583e-4
1.234	2.606e-4
1.235	2.623e-4
1.236	2.645e-4
1.237	2.661e-4
1.238	2.673e-4
1.239	2.690e-4
1.240	2.702e-4
1.241	2.733e-4
1.242	2.755e-4
1.243	2.764e-4
1.244	2.779e-4
1.245	2.800e-4
1.246	2.808e-4
1.247	2.823e-4
1.248	2.839e-4
1.249	2.848e-4
1.250	2.860e-4
1.251	2.879e-4
1.252	2.899e-4
1.253	2.901e-4
1.254	2.920e-4
1.255	2.942e-4
1.256	2.937e-4
1.257	2.961e-4
1.258	2.965e-4
1.259	2.979e-4
1.260	2.989e-4
1.261	3.000e-4
1.262	3.013e-4
1.263	3.013e-4
1.264	3.031e-4
1.265	3.040e-4
1.266	3.048e-4
1.267	3.062e-4
1.268	3.066e-4
1.269	3.086e-4
1.270	3.087e-4
1.271	3.099e-4
1.272	3.101e-4
1.273	3.117e-4
1.274	3.128e-4
1.275	3.134e-4
1.276	3.142e-4
1.277	3.139e-4
1.278	3.149e-4
1.279	3.158e-4
1.280	3.168e-4
1.281	3.181e-4
1.282	3.185e-4
1.283	3.194e-4
1.284	3.201e-4
1.285	3.210e-4
1.286	3.215e-4
1.287	3.223e-4
1.288	3.227e-4
1.289	3.238e-4
1.290	3.243e-4
1.291	3.238e-4
1.292	3.263e-4
1.293	3.274e-4
1.294	3.274e-4
1.295	3.282e-4
1.296	3.285e-4
1.297	3.289e-4
1.298	3.292e-4
1.299	3.312e-4
1.300	3.322e-4
1.301	3.318e-4
1.302	3.325e-4
1.303	3.328e-4
1.304	3.331e-4
1.305	3.342e-4
1.306	3.364e-4
1.307	3.369e-4
1.308	3.368e-4
1.309	3.377e-4
1.310	3.385e-4
1.311	3.383e-4
1.312	3.401e-4
1.313	3.402e-4
1.314	3.406e-4
1.315	3.412e-4
1.316	3.413e-4
1.317	3.417e-4
1.318	3.431e-4
1.319	3.437e-4
1.320	3.435e-4
1.321	3.449e-4
1.322	3.439e-4
1.323	3.458e-4
1.324	3.459e-4
1.325	3.481e-4
1.326	3.470e-4
1.327	3.475e-4
1.328	3.485e-4
1.329	3.491e-4
1.330	3.496e-4
1.331	3.511e-4
1.332	3.518e-4
1.333	3.505e-4
1.334	3.520e-4
1.335	3.531e-4
1.336	3.531e-4
1.337	3.545e-4
1.338	3.553e-4
1.339	3.567e-4
1.340	3.557e-4
1.341	3.573e-4
1.342	3.581e-4
1.343	3.596e-4
1.344	3.598e-4
1.345	3.614e-4
1.346	3.606e-4
1.347	3.617e-4
1.348	3.628e-4
1.349	3.637e-4
1.350	3.643e-4
1.351	3.656e-4
1.352	3.648e-4
1.353	3.653e-4
1.354	3.668e-4
1.355	3.676e-4
1.356	3.684e-4
1.357	3.696e-4
1.358	3.702e-4
1.359	3.712e-4
1.360	3.724e-4
1.361	3.737e-4
1.362	3.740e-4
1.363	3.767e-4
1.364	3.771e-4
1.365	3.775e-4
1.366	3.792e-4
1.367	3.793e-4
1.368	3.811e-4
1.369	3.830e-4
1.370	3.824e-4
1.371	3.846e-4
1.372	3.857e-4
1.373	3.871e-4
1.374	3.887e-4
1.375	3.890e-4
1.376	3.907e-4
1.377	3.928e-4
1.378	3.931e-4
1.379	3.945e-4
1.380	3.969e-4
1.381	3.974e-4
1.382	3.985e-4
1.383	4.010e-4
1.384	4.030e-4
1.385	4.048e-4
1.386	4.064e-4
1.387	4.071e-4
1.388	4.099e-4
1.389	4.109e-4
1.390	4.127e-4
1.391	4.123e-4
1.392	4.145e-4
1.393	4.174e-4
1.394	4.181e-4
1.395	4.211e-4
1.396	4.228e-4
1.397	4.242e-4
1.398	4.265e-4
1.399	4.284e-4
1.400	4.315e-4
1.401	4.343e-4
1.402	4.361e-4
1.403	4.377e-4
1.404	4.407e-4
1.405	4.425e-4
1.406	4.453e-4
1.407	4.474e-4
1.408	4.512e-4
1.409	4.535e-4
1.410	4.572e-4
1.411	4.592e-4
1.412	4.626e-4
1.413	4.653e-4
1.414	4.699e-4
1.415	4.740e-4
1.416	4.785e-4
1.417	4.817e-4
1.418	4.857e-4
1.419	4.902e-4
1.420	4.948e-4
1.421	5.009e-4
1.422	5.055e-4
1.423	5.114e-4
1.424	5.164e-4
1.425	5.223e-4
1.426	5.278e-4
1.427	5.345e-4
1.428	5.417e-4
1.429	5.481e-4
1.430	5.573e-4
1.431	5.650e-4
1.432	5.728e-4
1.433	5.817e-4
1.434	5.919e-4
1.435	6.007e-4
1.436	6.104e-4
1.437	6.199e-4
1.438	6.307e-4
1.439	6.402e-4
1.440	6.521e-4
1.441	6.646e-4
1.442	6.768e-4
1.443	6.907e-4
1.444	7.043e-4
1.445	7.190e-4
1.446	7.351e-4
1.447	7.498e-4
1.448	7.663e-4
1.449	7.821e-4
1.450	7.999e-4
1.451	8.172e-4
1.452	8.355e-4
1.453	8.561e-4
1.454	8.754e-4
1.455	8.955e-4
1.456	9.172e-4
1.457	9.400e-4
1.458	9.616e-4
1.459	9.865e-4
1.460	1.011e-3
1.461	1.035e-3
1.462	1.063e-3
1.463	1.089e-3
1.464	1.116e-3
1.465	1.144e-3
1.466	1.172e-3
1.467	1.202e-3
1.468	1.235e-3
1.469	1.267e-3
1.470	1.296e-3
1.471	1.329e-3
1.472	1.365e-3
1.473	1.397e-3
1.474	1.431e-3
1.475	1.466e-3
1.476	1.500e-3
1.477	1.535e-3
1.478	1.573e-3
1.479	1.610e-3
1.480	1.649e-3
1.481	1.688e-3
1.482	1.723e-3
1.483	1.763e-3
1.484	1.804e-3
1.485	1.843e-3
1.486	1.889e-3
1.487	1.933e-3
1.488	1.981e-3
1.489	2.027e-3
1.490	2.070e-3
1.491	2.115e-3
1.492	2.161e-3
1.493	2.211e-3
1.494	2.260e-3
1.495	2.312e-3
1.496	2.363e-3
1.497	2.423e-3
1.498	2.475e-3
1.499	2.522e-3
1.500	2.573e-3
1.501	2.629e-3
1.502	2.691e-3
1.503	2.743e-3
1.504	2.808e-3
1.505	2.862e-3
1.506	2.906e-3
1.507	2.956e-3
1.508	3.019e-3
1.509	3.088e-3
1.510	3.147e-3
1.511	3.208e-3
1.512	3.263e-3
1.513	3.319e-3
1.514	3.380e-3
1.515	3.450e-3
1.516	3.515e-3
1.517	3.576e-3
1.518	3.641e-3
1.519	3.709e-3
1.520	3.764e-3
1.521	3.812e-3
1.522	3.871e-3
1.523	3.942e-3
1.524	3.999e-3
1.525	4.068e-3
1.526	4.143e-3
1.527	4.226e-3
1.528	4.302e-3
1.529	4.371e-3
1.530	4.453e-3
1.531	4.526e-3
1.532	4.576e-3
1.533	4.622e-3
1.534	4.701e-3
1.535	4.774e-3
1.536	4.858e-3
1.537	4.919e-3
1.538	4.988e-3
1.539	5.041e-3
1.540	5.104e-3
1.541	5.182e-3
1.542	5.265e-3
1.543	5.338e-3
1.544	5.409e-3
1.545	5.497e-3
1.546	5.569e-3
1.547	5.643e-3
1.548	5.724e-3
1.549	5.801e-3
1.550	5.857e-3
1.551	5.927e-3
1.552	6.001e-3
1.553	6.085e-3
1.554	6.177e-3
1.555	6.241e-3
1.556	6.320e-3
1.557	6.404e-3
1.558	6.478e-3
1.559	6.551e-3
1.560	6.650e-3
1.561	6.720e-3
1.562	6.777e-3
1.563	6.853e-3
1.564	6.948e-3
1.565	7.064e-3
1.566	7.132e-3
1.567	7.197e-3
1.568	7.274e-3
1.569	7.359e-3
1.570	7.424e-3
1.571	7.535e-3
1.572	7.627e-3
1.573	7.703e-3
1.574	7.781e-3
1.575	7.858e-3
1.576	7.935e-3
1.577	8.029e-3
1.578	8.106e-3
1.579	8.180e-3
1.580	8.264e-3
1.581	8.338e-3
1.582	8.421e-3
1.583	8.525e-3
1.584	8.621e-3
1.585	8.693e-3
1.586	8.766e-3
1.587	8.854e-3
1.588	8.944e-3
1.589	9.034e-3
1.590	9.141e-3
1.591	9.228e-3
1.592	9.310e-3
1.593	9.390e-3
1.594	9.482e-3
1.595	9.576e-3
1.596	9.651e-3
1.597	9.732e-3
1.598	9.830e-3
1.599	9.913e-3
1.600	1.003e-2
1.601	1.010e-2
1.602	1.020e-2
1.603	1.027e-2
1.604	1.037e-2
1.605	1.046e-2
1.606	1.053e-2
1.607	1.063e-2
1.608	1.075e-2
1.609	1.087e-2
1.610	1.095e-2
1.611	1.105e-2
1.612	1.113e-2
1.613	1.125e-2
1.614	1.135e-2
1.615	1.143e-2
1.616	1.152e-2
1.617	1.164e-2
1.618	1.177e-2
1.619	1.187e-2
1.620	1.194e-2
1.621	1.203e-2
1.622	1.212e-2
1.623	1.225e-2
1.624	1.234e-2
1.625	1.246e-2
1.626	1.254e-2
1.627	1.267e-2
1.628	1.273e-2
1.629	1.282e-2
1.630	1.292e-2
1.631	1.302e-2
1.632	1.314e-2
1.633	1.326e-2
1.634	1.337e-2
1.635	1.349e-2
1.636	1.360e-2
1.637	1.371e-2
1.638	1.378e-2
1.639	1.389e-2
1.640	1.404e-2
1.641	1.409e-2
1.642	1.418e-2
1.643	1.426e-2
1.644	1.438e-2
1.645	1.449e-2
1.646	1.456e-2
1.647	1.466e-2
1.648	1.479e-2
1.649	1.492e-2
1.650	1.500e-2
1.651	1.507e-2
1.652	1.519e-2
1.653	1.534e-2
1.654	1.544e-2
1.655	1.556e-2
1.656	1.565e-2
1.657	1.575e-2
1.658	1.585e-2
1.659	1.597e-2
1.660	1.608e-2
1.661	1.621e-2
1.662	1.629e-2
1.663	1.642e-2
1.664	1.651e-2
1.665	1.661e-2
1.666	1.672e-2
1.667	1.684e-2
1.668	1.693e-2
1.669	1.702e-2
1.670	1.714e-2
1.671	1.724e-2
1.672	1.737e-2
1.673	1.747e-2
1.674	1.760e-2
1.675	1.771e-2
1.676	1.780e-2
1.677	1.790e-2
1.678	1.804e-2
1.679	1.817e-2
1.680	1.825e-2
1.681	1.834e-2
1.682	1.845e-2
1.683	1.855e-2
1.684	1.867e-2
1.685	1.880e-2
1.686	1.891e-2
1.687	1.900e-2
1.688	1.912e-2
1.689	1.928e-2
1.690	1.936e-2
1.691	1.947e-2
1.692	1.963e-2
1.693	1.970e-2
1.694	1.985e-2
1.695	1.995e-2
1.696	2.003e-2
1.697	2.015e-2
1.698	2.025e-2
1.699	2.035e-2
1.700	2.048e-2
1.701	2.061e-2
1.702	2.074e-2
1.703	2.086e-2
1.704	2.096e-2
1.705	2.111e-2
1.706	2.123e-2
1.707	2.133e-2
1.708	2.144e-2
1.709	2.153e-2
1.710	2.166e-2
1.711	2.182e-2
1.712	2.189e-2
1.713	2.201e-2
1.714	2.211e-2
1.715	2.225e-2
1.716	2.242e-2
1.717	2.250e-2
1.718	2.261e-2
1.719	2.275e-2
1.720	2.286e-2
1.721	2.295e-2
1.722	2.309e-2
1.723	2.319e-2
1.724	2.332e-2
1.725	2.347e-2
1.726	2.359e-2
1.727	2.372e-2
1.728	2.381e-2
1.729	2.396e-2
1.730	2.408e-2
1.731	2.422e-2
1.732	2.434e-2
1.733	2.444e-2
1.734	2.456e-2
1.735	2.469e-2
1.736	2.479e-2
1.737	2.489e-2
1.738	2.506e-2
1.739	2.515e-2
1.740	2.526e-2
1.741	2.538e-2
1.742	2.552e-2
1.743	2.563e-2
1.744	2.577e-2
1.745	2.587e-2
1.746	2.597e-2
1.747	2.611e-2
1.748	2.623e-2
1.749	2.640e-2
1.750	2.652e-2
1.751	2.665e-2
1.752	2.673e-2
1.753	2.691e-2
1.754	2.702e-2
1.755	2.715e-2
1.756	2.725e-2
1.757	2.732e-2
1.758	2.749e-2
1.759	2.756e-2
1.760	2.769e-2
1.761	2.783e-2
1.762	2.795e-2
1.763	2.811e-2
1.764	2.823e-2
1.765	2.833e-2
1.766	2.845e-2
1.767	2.860e-2
1.768	2.873e-2
1.769	2.882e-2
1.770	2.897e-2
1.771	2.908e-2
1.772	2.920e-2
1.773	2.935e-2
1.774	2.947e-2
1.775	2.958e-2
1.776	2.975e-2
1.777	2.983e-2
1.778	2.992e-2
1.779	3.008e-2
1.780	3.020e-2
1.781	3.036e-2
1.782	3.045e-2
1.783	3.060e-2
1.784	3.073e-2
1.785	3.091e-2
1.786	3.104e-2
1.787	3.108e-2
1.788	3.123e-2
1.789	3.138e-2
1.790	3.147e-2
1.791	3.158e-2
1.792	3.175e-2
1.793	3.190e-2
1.794	3.196e-2
1.795	3.212e-2
1.796	3.223e-2
1.797	3.236e-2
1.798	3.251e-2
1.799	3.257e-2
1.800	3.271e-2
1.801	3.288e-2
1.802	3.302e-2
1.803	3.312e-2
1.804	3.321e-2
1.805	3.331e-2
1.806	3.339e-2
1.807	3.359e-2
1.808	3.375e-2
1.809	3.386e-2
1.810	3.399e-2
1.811	3.413e-2
1.812	3.424e-2
1.813	3.438e-2
1.814	3.455e-2
1.815	3.459e-2
1.816	3.468e-2
1.817	3.481e-2
1.818	3.495e-2
1.819	3.515e-2
1.820	3.532e-2
1.821	3.532e-2
1.822	3.541e-2
1.823	3.558e-2
1.824	3.577e-2
1.825	3.581e-2
1.826	3.599e-2
1.827	3.615e-2
1.828	3.625e-2
1.829	3.636e-2
1.830	3.648e-2
1.831	3.665e-2
1.832	3.668e-2
1.833	3.678e-2
1.834	3.691e-2
1.835	3.709e-2
1.836	3.714e-2
1.837	3.729e-2
1.838	3.741e-2
1.839	3.758e-2
1.840	3.765e-2
1.841	3.778e-2
1.842	3.790e-2
1.843	3.802e-2
1.844	3.811e-2
1.845	3.835e-2
1.846	3.859e-2
1.847	3.866e-2
1.848	3.868e-2
1.849	3.887e-2
1.850	3.891e-2
1.851	3.910e-2
1.852	3.919e-2
1.853	3.929e-2
1.854	3.941e-2
1.855	3.952e-2
1.856	3.964e-2
1.857	3.983e-2
1.858	3.995e-2
1.859	4.007e-2
1.860	4.019e-2
1.861	4.036e-2
1.862	4.050e-2
1.863	4.059e-2
1.864	4.074e-2
1.865	4.086e-2
1.866	4.096e-2
1.867	4.107e-2
1.868	4.125e-2
1.869	4.136e-2
1.870	4.149e-2
1.871	4.158e-2
1.872	4.176e-2
1.873	4.191e-2
1.874	4.199e-2
1.875	4.206e-2
1.876	4.218e-2
1.877	4.245e-2
1.878	4.255e-2
1.879	4.267e-2
1.880	4.278e-2
1.881	4.287e-2
1.882	4.301e-2
1.883	4.314e-2
1.884	4.321e-2
1.885	4.333e-2
1.886	4.345e-2
1.887	4.360e-2
1.888	4.372e-2
1.889	4.384e-2
1.890	4.404e-2
1.891	4.417e-2
1.892	4.424e-2
1.893	4.439e-2
1.894	4.447e-2
1.895	4.462e-2
1.896	4.471e-2
1.897	4.485e-2
1.898	4.491e-2
1.899	4.505e-2
