Results:

Channel 1:

Potential/V	Current/A

1.200	2.443e-5
1.201	7.877e-5
1.202	1.107e-4
1.203	1.321e-4
1.204	1.486e-4
1.205	1.616e-4
1.206	1.717e-4
1.207	1.819e-4
1.208	1.888e-4
1.209	1.972e-4
1.210	2.042e-4
1.211	2.106e-4
1.212	2.159e-4
1.213	2.211e-4
1.214	2.268e-4
1.215	2.313e-4
1.216	2.371e-4
1.217	2.413e-4
1.218	2.449e-4
1.219	2.489e-4
1.220	2.523e-4
1.221	2.547e-4
1.222	2.587e-4
1.223	2.622e-4
1.224	2.660e-4
1.225	2.688e-4
1.226	2.702e-4
1.227	2.739e-4
1.228	2.769e-4
1.229	2.813e-4
1.230	2.831e-4
1.231	2.850e-4
1.232	2.872e-4
1.233	2.904e-4
1.234	2.920e-4
1.235	2.940e-4
1.236	2.953e-4
1.237	2.978e-4
1.238	2.995e-4
1.239	3.009e-4
1.240	3.023e-4
1.241	3.048e-4
1.242	3.059e-4
1.243	3.073e-4
1.244	3.095e-4
1.245	3.095e-4
1.246	3.112e-4
1.247	3.131e-4
1.248	3.129e-4
1.249	3.155e-4
1.250	3.169e-4
1.251	3.180e-4
1.252	3.183e-4
1.253	3.193e-4
1.254	3.213e-4
1.255	3.229e-4
1.256	3.234e-4
1.257	3.244e-4
1.258	3.259e-4
1.259	3.271e-4
1.260	3.282e-4
1.261	3.290e-4
1.262	3.292e-4
1.263	3.297e-4
1.264	3.305e-4
1.265	3.318e-4
1.266	3.317e-4
1.267	3.331e-4
1.268	3.346e-4
1.269	3.350e-4
1.270	3.364e-4
1.271	3.367e-4
1.272	3.375e-4
1.273	3.387e-4
1.274	3.398e-4
1.275	3.394e-4
1.276	3.400e-4
1.277	3.417e-4
1.278	3.421e-4
1.279	3.427e-4
1.280	3.445e-4
1.281	3.459e-4
1.282	3.444e-4
1.283	3.468e-4
1.284	3.485e-4
1.285	3.479e-4
1.286	3.488e-4
1.287	3.494e-4
1.288	3.495e-4
1.289	3.502e-4
1.290	3.508e-4
1.291	3.508e-4
1.292	3.530e-4
1.293	3.536e-4
1.294	3.542e-4
1.295	3.537e-4
1.296	3.544e-4
1.297	3.570e-4
1.298	3.566e-4
1.299	3.580e-4
1.300	3.585e-4
1.301	3.585e-4
1.302	3.592e-4
1.303	3.594e-4
1.304	3.603e-4
1.305	3.619e-4
1.306	3.625e-4
1.307	3.638e-4
1.308	3.642e-4
1.309	3.650e-4
1.310	3.659e-4
1.311	3.674e-4
1.312	3.681e-4
1.313	3.681e-4
1.314	3.687e-4
1.315	3.696e-4
1.316	3.698e-4
1.317	3.719e-4
1.318	3.732e-4
1.319	3.739e-4
1.320	3.749e-4
1.321	3.751e-4
1.322	3.766e-4
1.323	3.769e-4
1.324	3.770e-4
1.325	3.790e-4
1.326	3.793e-4
1.327	3.798e-4
1.328	3.819e-4
1.329	3.820e-4
1.330	3.837e-4
1.331	3.858e-4
1.332	3.869e-4
1.333	3.870e-4
1.334	3.885e-4
1.335	3.888e-4
1.336	3.910e-4
1.337	3.918e-4
1.338	3.927e-4
1.339	3.926e-4
1.340	3.938e-4
1.341	3.943e-4
1.342	3.955e-4
1.343	3.965e-4
1.344	3.984e-4
1.345	3.987e-4
1.346	4.003e-4
1.347	4.016e-4
1.348	4.019e-4
1.349	4.032e-4
1.350	4.045e-4
1.351	4.064e-4
1.352	4.065e-4
1.353	4.082e-4
1.354	4.102e-4
1.355	4.108e-4
1.356	4.127e-4
1.357	4.139e-4
1.358	4.137e-4
1.359	4.151e-4
1.360	4.166e-4
1.361	4.185e-4
1.362	4.189e-4
1.363	4.189e-4
1.364	4.215e-4
1.365	4.215e-4
1.366	4.242e-4
1.367	4.248e-4
1.368	4.269e-4
1.369	4.288e-4
1.370	4.306e-4
1.371	4.320e-4
1.372	4.346e-4
1.373	4.353e-4
1.374	4.361e-4
1.375	4.385e-4
1.376	4.400e-4
1.377	4.422e-4
1.378	4.423e-4
1.379	4.453e-4
1.380	4.469e-4
1.381	4.463e-4
1.382	4.502e-4
1.383	4.533e-4
1.384	4.529e-4
1.385	4.561e-4
1.386	4.584e-4
1.387	4.591e-4
1.388	4.612e-4
1.389	4.636e-4
1.390	4.659e-4
1.391	4.676e-4
1.392	4.706e-4
1.393	4.719e-4
1.394	4.742e-4
1.395	4.768e-4
1.396	4.797e-4
1.397	4.819e-4
1.398	4.851e-4
1.399	4.885e-4
1.400	4.906e-4
1.401	4.929e-4
1.402	4.957e-4
1.403	4.982e-4
1.404	5.010e-4
1.405	5.050e-4
1.406	5.086e-4
1.407	5.107e-4
1.408	5.166e-4
1.409	5.178e-4
1.410	5.218e-4
1.411	5.272e-4
1.412	5.315e-4
1.413	5.347e-4
1.414	5.402e-4
1.415	5.455e-4
1.416	5.496e-4
1.417	5.541e-4
1.418	5.597e-4
1.419	5.645e-4
1.420	5.704e-4
1.421	5.771e-4
1.422	5.841e-4
1.423	5.891e-4
1.424	5.977e-4
1.425	6.053e-4
1.426	6.114e-4
1.427	6.193e-4
1.428	6.286e-4
1.429	6.368e-4
1.430	6.464e-4
1.431	6.573e-4
1.432	6.664e-4
1.433	6.797e-4
1.434	6.926e-4
1.435	7.039e-4
1.436	7.171e-4
1.437	7.312e-4
1.438	7.445e-4
1.439	7.598e-4
1.440	7.742e-4
1.441	7.923e-4
1.442	8.084e-4
1.443	8.250e-4
1.444	8.441e-4
1.445	8.625e-4
1.446	8.827e-4
1.447	9.036e-4
1.448	9.232e-4
1.449	9.456e-4
1.450	9.690e-4
1.451	9.939e-4
1.452	1.018e-3
1.453	1.044e-3
1.454	1.071e-3
1.455	1.096e-3
1.456	1.124e-3
1.457	1.153e-3
1.458	1.183e-3
1.459	1.214e-3
1.460	1.247e-3
1.461	1.279e-3
1.462	1.313e-3
1.463	1.348e-3
1.464	1.384e-3
1.465	1.422e-3
1.466	1.456e-3
1.467	1.494e-3
1.468	1.532e-3
1.469	1.571e-3
1.470	1.615e-3
1.471	1.655e-3
1.472	1.698e-3
1.473	1.741e-3
1.474	1.787e-3
1.475	1.831e-3
1.476	1.877e-3
1.477	1.927e-3
1.478	1.977e-3
1.479	2.031e-3
1.480	2.084e-3
1.481	2.135e-3
1.482	2.183e-3
1.483	2.237e-3
1.484	2.290e-3
1.485	2.345e-3
1.486	2.398e-3
1.487	2.454e-3
1.488	2.514e-3
1.489	2.570e-3
1.490	2.632e-3
1.491	2.693e-3
1.492	2.747e-3
1.493	2.805e-3
1.494	2.869e-3
1.495	2.930e-3
1.496	2.995e-3
1.497	3.059e-3
1.498	3.123e-3
1.499	3.188e-3
1.500	3.253e-3
1.501	3.319e-3
1.502	3.387e-3
1.503	3.460e-3
1.504	3.527e-3
1.505	3.605e-3
1.506	3.678e-3
1.507	3.738e-3
1.508	3.813e-3
1.509	3.888e-3
1.510	3.961e-3
1.511	4.030e-3
1.512	4.108e-3
1.513	4.178e-3
1.514	4.251e-3
1.515	4.330e-3
1.516	4.405e-3
1.517	4.487e-3
1.518	4.568e-3
1.519	4.642e-3
1.520	4.713e-3
1.521	4.788e-3
1.522	4.864e-3
1.523	4.946e-3
1.524	5.028e-3
1.525	5.098e-3
1.526	5.186e-3
1.527	5.271e-3
1.528	5.358e-3
1.529	5.438e-3
1.530	5.513e-3
1.531	5.601e-3
1.532	5.689e-3
1.533	5.772e-3
1.534	5.859e-3
1.535	5.937e-3
1.536	6.015e-3
1.537	6.120e-3
1.538	6.211e-3
1.539	6.284e-3
1.540	6.374e-3
1.541	6.474e-3
1.542	6.565e-3
1.543	6.645e-3
1.544	6.721e-3
1.545	6.809e-3
1.546	6.902e-3
1.547	6.990e-3
1.548	7.075e-3
1.549	7.174e-3
1.550	7.271e-3
1.551	7.349e-3
1.552	7.444e-3
1.553	7.533e-3
1.554	7.630e-3
1.555	7.736e-3
1.556	7.826e-3
1.557	7.922e-3
1.558	8.012e-3
1.559	8.097e-3
1.560	8.194e-3
1.561	8.291e-3
1.562	8.372e-3
1.563	8.459e-3
1.564	8.556e-3
1.565	8.660e-3
1.566	8.734e-3
1.567	8.834e-3
1.568	8.941e-3
1.569	9.038e-3
1.570	9.108e-3
1.571	9.211e-3
1.572	9.318e-3
1.573	9.405e-3
1.574	9.508e-3
1.575	9.620e-3
1.576	9.711e-3
1.577	9.808e-3
1.578	9.907e-3
1.579	9.991e-3
1.580	1.009e-2
1.581	1.020e-2
1.582	1.031e-2
1.583	1.040e-2
1.584	1.048e-2
1.585	1.059e-2
1.586	1.069e-2
1.587	1.079e-2
1.588	1.089e-2
1.589	1.099e-2
1.590	1.110e-2
1.591	1.121e-2
1.592	1.132e-2
1.593	1.142e-2
1.594	1.150e-2
1.595	1.161e-2
1.596	1.172e-2
1.597	1.182e-2
1.598	1.191e-2
1.599	1.202e-2
1.600	1.213e-2
1.601	1.223e-2
1.602	1.234e-2
1.603	1.244e-2
1.604	1.252e-2
1.605	1.262e-2
1.606	1.274e-2
1.607	1.282e-2
1.608	1.294e-2
1.609	1.302e-2
1.610	1.315e-2
1.611	1.326e-2
1.612	1.336e-2
1.613	1.347e-2
1.614	1.358e-2
1.615	1.371e-2
1.616	1.381e-2
1.617	1.392e-2
1.618	1.402e-2
1.619	1.414e-2
1.620	1.423e-2
1.621	1.434e-2
1.622	1.447e-2
1.623	1.460e-2
1.624	1.472e-2
1.625	1.482e-2
1.626	1.488e-2
1.627	1.499e-2
1.628	1.511e-2
1.629	1.522e-2
1.630	1.536e-2
1.631	1.549e-2
1.632	1.559e-2
1.633	1.572e-2
1.634	1.583e-2
1.635	1.593e-2
1.636	1.603e-2
1.637	1.614e-2
1.638	1.629e-2
1.639	1.639e-2
1.640	1.652e-2
1.641	1.665e-2
1.642	1.674e-2
1.643	1.683e-2
1.644	1.697e-2
1.645	1.711e-2
1.646	1.720e-2
1.647	1.733e-2
1.648	1.745e-2
1.649	1.757e-2
1.650	1.764e-2
1.651	1.778e-2
1.652	1.787e-2
1.653	1.800e-2
1.654	1.810e-2
1.655	1.821e-2
1.656	1.834e-2
1.657	1.848e-2
1.658	1.860e-2
1.659	1.873e-2
1.660	1.885e-2
1.661	1.897e-2
1.662	1.909e-2
1.663	1.921e-2
1.664	1.934e-2
1.665	1.948e-2
1.666	1.957e-2
1.667	1.969e-2
1.668	1.981e-2
1.669	1.994e-2
1.670	2.007e-2
1.671	2.018e-2
1.672	2.031e-2
1.673	2.043e-2
1.674	2.054e-2
1.675	2.065e-2
1.676	2.077e-2
1.677	2.093e-2
1.678	2.105e-2
1.679	2.118e-2
1.680	2.130e-2
1.681	2.141e-2
1.682	2.153e-2
1.683	2.165e-2
1.684	2.177e-2
1.685	2.190e-2
1.686	2.204e-2
1.687	2.216e-2
1.688	2.229e-2
1.689	2.244e-2
1.690	2.259e-2
1.691	2.271e-2
1.692	2.279e-2
1.693	2.291e-2
1.694	2.303e-2
1.695	2.315e-2
1.696	2.329e-2
1.697	2.342e-2
1.698	2.354e-2
1.699	2.368e-2
1.700	2.380e-2
1.701	2.392e-2
1.702	2.407e-2
1.703	2.420e-2
1.704	2.430e-2
1.705	2.445e-2
1.706	2.457e-2
1.707	2.471e-2
1.708	2.484e-2
1.709	2.496e-2
1.710	2.510e-2
1.711	2.530e-2
1.712	2.542e-2
1.713	2.555e-2
1.714	2.567e-2
1.715	2.582e-2
1.716	2.597e-2
1.717	2.607e-2
1.718	2.618e-2
1.719	2.634e-2
1.720	2.648e-2
1.721	2.660e-2
1.722	2.678e-2
1.723	2.689e-2
1.724	2.697e-2
1.725	2.711e-2
1.726	2.724e-2
1.727	2.737e-2
1.728	2.756e-2
1.729	2.769e-2
1.730	2.781e-2
1.731	2.796e-2
1.732	2.809e-2
1.733	2.820e-2
1.734	2.832e-2
1.735	2.847e-2
1.736	2.860e-2
1.737	2.876e-2
1.738	2.889e-2
1.739	2.905e-2
1.740	2.919e-2
1.741	2.926e-2
1.742	2.937e-2
1.743	2.950e-2
1.744	2.964e-2
1.745	2.979e-2
1.746	2.994e-2
1.747	3.004e-2
1.748	3.016e-2
1.749	3.031e-2
1.750	3.045e-2
1.751	3.058e-2
1.752	3.069e-2
1.753	3.088e-2
1.754	3.100e-2
1.755	3.116e-2
1.756	3.125e-2
1.757	3.139e-2
1.758	3.157e-2
1.759	3.167e-2
1.760	3.182e-2
1.761	3.194e-2
1.762	3.204e-2
1.763	3.218e-2
1.764	3.233e-2
1.765	3.246e-2
1.766	3.259e-2
1.767	3.273e-2
1.768	3.281e-2
1.769	3.298e-2
1.770	3.315e-2
1.771	3.329e-2
1.772	3.341e-2
1.773	3.354e-2
1.774	3.365e-2
1.775	3.377e-2
1.776	3.392e-2
1.777	3.408e-2
1.778	3.419e-2
1.779	3.428e-2
1.780	3.444e-2
1.781	3.456e-2
1.782	3.472e-2
1.783	3.488e-2
1.784	3.499e-2
1.785	3.513e-2
1.786	3.525e-2
1.787	3.538e-2
1.788	3.551e-2
1.789	3.565e-2
1.790	3.579e-2
1.791	3.591e-2
1.792	3.602e-2
1.793	3.617e-2
1.794	3.631e-2
1.795	3.645e-2
1.796	3.659e-2
1.797	3.675e-2
1.798	3.684e-2
1.799	3.698e-2
1.800	3.713e-2
1.801	3.729e-2
1.802	3.750e-2
1.803	3.760e-2
1.804	3.767e-2
1.805	3.783e-2
1.806	3.792e-2
1.807	3.812e-2
1.808	3.827e-2
1.809	3.840e-2
1.810	3.851e-2
1.811	3.861e-2
1.812	3.878e-2
1.813	3.889e-2
1.814	3.905e-2
1.815	3.916e-2
1.816	3.930e-2
1.817	3.945e-2
1.818	3.961e-2
1.819	3.979e-2
1.820	3.992e-2
1.821	4.005e-2
1.822	4.018e-2
1.823	4.028e-2
1.824	4.040e-2
1.825	4.051e-2
1.826	4.067e-2
1.827	4.081e-2
1.828	4.096e-2
1.829	4.111e-2
1.830	4.129e-2
1.831	4.139e-2
1.832	4.150e-2
1.833	4.163e-2
1.834	4.172e-2
1.835	4.192e-2
1.836	4.203e-2
1.837	4.215e-2
1.838	4.229e-2
1.839	4.240e-2
1.840	4.253e-2
1.841	4.265e-2
1.842	4.279e-2
1.843	4.296e-2
1.844	4.315e-2
1.845	4.326e-2
1.846	4.337e-2
1.847	4.348e-2
1.848	4.361e-2
1.849	4.379e-2
1.850	4.395e-2
1.851	4.404e-2
1.852	4.416e-2
1.853	4.428e-2
1.854	4.443e-2
1.855	4.462e-2
1.856	4.466e-2
1.857	4.482e-2
1.858	4.499e-2
1.859	4.513e-2
1.860	4.523e-2
1.861	4.534e-2
1.862	4.550e-2
1.863	4.563e-2
1.864	4.578e-2
1.865	4.588e-2
1.866	4.605e-2
1.867	4.618e-2
1.868	4.636e-2
1.869	4.647e-2
1.870	4.660e-2
1.871	4.672e-2
1.872	4.688e-2
1.873	4.697e-2
1.874	4.709e-2
1.875	4.728e-2
1.876	4.743e-2
1.877	4.754e-2
1.878	4.764e-2
1.879	4.778e-2
1.880	4.796e-2
1.881	4.812e-2
1.882	4.826e-2
1.883	4.838e-2
1.884	4.847e-2
1.885	4.865e-2
1.886	4.881e-2
1.887	4.897e-2
1.888	4.913e-2
1.889	4.928e-2
1.890	4.935e-2
1.891	4.945e-2
1.892	4.957e-2
1.893	4.974e-2
1.894	4.989e-2
1.895	5.004e-2
1.896	5.018e-2
1.897	5.036e-2
1.898	5.046e-2
1.899	5.058e-2
