Results:

Channel 1:
Potential/V	Current/A

1.200	-7.222e-4
1.201	-5.918e-4
1.202	-5.167e-4
1.203	-4.680e-4
1.204	-4.290e-4
1.205	-3.970e-4
1.206	-3.650e-4
1.207	-3.380e-4
1.208	-3.117e-4
1.209	-2.850e-4
1.210	-2.615e-4
1.211	-2.391e-4
1.212	-2.175e-4
1.213	-1.964e-4
1.214	-1.779e-4
1.215	-1.588e-4
1.216	-1.402e-4
1.217	-1.210e-4
1.218	-1.058e-4
1.219	-8.798e-5
1.220	-7.138e-5
1.221	-5.674e-5
1.222	-3.983e-5
1.223	-2.421e-5
1.224	-1.045e-5
1.225	4.382e-6
1.226	1.775e-5
1.227	3.160e-5
1.228	4.467e-5
1.229	6.265e-5
1.230	7.326e-5
1.231	8.525e-5
1.232	9.616e-5
1.233	1.075e-4
1.234	1.173e-4
1.235	1.306e-4
1.236	1.417e-4
1.237	1.517e-4
1.238	1.627e-4
1.239	1.739e-4
1.240	1.823e-4
1.241	1.943e-4
1.242	2.032e-4
1.243	2.128e-4
1.244	2.232e-4
1.245	2.316e-4
1.246	2.403e-4
1.247	2.495e-4
1.248	2.599e-4
1.249	2.677e-4
1.250	2.744e-4
1.251	2.837e-4
1.252	2.930e-4
1.253	2.989e-4
1.254	3.072e-4
1.255	3.154e-4
1.256	3.230e-4
1.257	3.308e-4
1.258	3.363e-4
1.259	3.440e-4
1.260	3.508e-4
1.261	3.582e-4
1.262	3.650e-4
1.263	3.698e-4
1.264	3.771e-4
1.265	3.820e-4
1.266	3.883e-4
1.267	3.963e-4
1.268	4.024e-4
1.269	4.067e-4
1.270	4.125e-4
1.271	4.195e-4
1.272	4.251e-4
1.273	4.310e-4
1.274	4.366e-4
1.275	4.419e-4
1.276	4.455e-4
1.277	4.523e-4
1.278	4.584e-4
1.279	4.628e-4
1.280	4.703e-4
1.281	4.748e-4
1.282	4.790e-4
1.283	4.845e-4
1.284	4.902e-4
1.285	4.933e-4
1.286	4.997e-4
1.287	5.037e-4
1.288	5.086e-4
1.289	5.138e-4
1.290	5.169e-4
1.291	5.219e-4
1.292	5.271e-4
1.293	5.324e-4
1.294	5.362e-4
1.295	5.416e-4
1.296	5.454e-4
1.297	5.497e-4
1.298	5.537e-4
1.299	5.601e-4
1.300	5.648e-4
1.301	5.677e-4
1.302	5.724e-4
1.303	5.782e-4
1.304	5.808e-4
1.305	5.863e-4
1.306	5.912e-4
1.307	5.949e-4
1.308	5.997e-4
1.309	6.039e-4
1.310	6.074e-4
1.311	6.120e-4
1.312	6.164e-4
1.313	6.215e-4
1.314	6.231e-4
1.315	6.289e-4
1.316	6.337e-4
1.317	6.363e-4
1.318	6.419e-4
1.319	6.464e-4
1.320	6.498e-4
1.321	6.547e-4
1.322	6.583e-4
1.323	6.627e-4
1.324	6.663e-4
1.325	6.712e-4
1.326	6.771e-4
1.327	6.798e-4
1.328	6.843e-4
1.329	6.896e-4
1.330	6.920e-4
1.331	6.996e-4
1.332	7.050e-4
1.333	7.065e-4
1.334	7.121e-4
1.335	7.170e-4
1.336	7.209e-4
1.337	7.246e-4
1.338	7.293e-4
1.339	7.338e-4
1.340	7.386e-4
1.341	7.425e-4
1.342	7.483e-4
1.343	7.515e-4
1.344	7.587e-4
1.345	7.621e-4
1.346	7.663e-4
1.347	7.716e-4
1.348	7.765e-4
1.349	7.809e-4
1.350	7.863e-4
1.351	7.914e-4
1.352	7.954e-4
1.353	8.014e-4
1.354	8.067e-4
1.355	8.100e-4
1.356	8.165e-4
1.357	8.228e-4
1.358	8.267e-4
1.359	8.314e-4
1.360	8.369e-4
1.361	8.411e-4
1.362	8.459e-4
1.363	8.519e-4
1.364	8.574e-4
1.365	8.606e-4
1.366	8.665e-4
1.367	8.719e-4
1.368	8.756e-4
1.369	8.820e-4
1.370	8.865e-4
1.371	8.910e-4
1.372	8.942e-4
1.373	9.006e-4
1.374	9.051e-4
1.375	9.092e-4
1.376	9.152e-4
1.377	9.205e-4
1.378	9.240e-4
1.379	9.288e-4
1.380	9.339e-4
1.381	9.366e-4
1.382	9.429e-4
1.383	9.475e-4
1.384	9.509e-4
1.385	9.552e-4
1.386	9.605e-4
1.387	9.628e-4
1.388	9.664e-4
1.389	9.699e-4
1.390	9.741e-4
1.391	9.765e-4
1.392	9.795e-4
1.393	9.842e-4
1.394	9.858e-4
1.395	9.899e-4
1.396	9.933e-4
1.397	9.948e-4
1.398	9.978e-4
1.399	1.001e-3
1.400	1.002e-3
1.401	1.006e-3
1.402	1.009e-3
1.403	1.012e-3
1.404	1.014e-3
1.405	1.018e-3
1.406	1.019e-3
1.407	1.023e-3
1.408	1.027e-3
1.409	1.031e-3
1.410	1.033e-3
1.411	1.038e-3
1.412	1.041e-3
1.413	1.046e-3
1.414	1.051e-3
1.415	1.055e-3
1.416	1.061e-3
1.417	1.067e-3
1.418	1.071e-3
1.419	1.077e-3
1.420	1.083e-3
1.421	1.089e-3
1.422	1.097e-3
1.423	1.101e-3
1.424	1.111e-3
1.425	1.119e-3
1.426	1.126e-3
1.427	1.136e-3
1.428	1.144e-3
1.429	1.154e-3
1.430	1.164e-3
1.431	1.173e-3
1.432	1.184e-3
1.433	1.197e-3
1.434	1.210e-3
1.435	1.222e-3
1.436	1.236e-3
1.437	1.248e-3
1.438	1.263e-3
1.439	1.278e-3
1.440	1.294e-3
1.441	1.312e-3
1.442	1.327e-3
1.443	1.346e-3
1.444	1.362e-3
1.445	1.380e-3
1.446	1.397e-3
1.447	1.415e-3
1.448	1.430e-3
1.449	1.446e-3
1.450	1.460e-3
1.451	1.474e-3
1.452	1.488e-3
1.453	1.502e-3
1.454	1.516e-3
1.455	1.530e-3
1.456	1.545e-3
1.457	1.562e-3
1.458	1.579e-3
1.459	1.600e-3
1.460	1.622e-3
1.461	1.645e-3
1.462	1.671e-3
1.463	1.696e-3
1.464	1.726e-3
1.465	1.757e-3
1.466	1.790e-3
1.467	1.825e-3
1.468	1.862e-3
1.469	1.901e-3
1.470	1.941e-3
1.471	1.982e-3
1.472	2.025e-3
1.473	2.069e-3
1.474	2.112e-3
1.475	2.161e-3
1.476	2.208e-3
1.477	2.254e-3
1.478	2.304e-3
1.479	2.353e-3
1.480	2.400e-3
1.481	2.450e-3
1.482	2.499e-3
1.483	2.548e-3
1.484	2.599e-3
1.485	2.649e-3
1.486	2.700e-3
1.487	2.748e-3
1.488	2.795e-3
1.489	2.843e-3
1.490	2.889e-3
1.491	2.938e-3
1.492	2.985e-3
1.493	3.032e-3
1.494	3.078e-3
1.495	3.124e-3
1.496	3.171e-3
1.497	3.220e-3
1.498	3.268e-3
1.499	3.316e-3
1.500	3.364e-3
1.501	3.412e-3
1.502	3.463e-3
1.503	3.514e-3
1.504	3.569e-3
1.505	3.626e-3
1.506	3.682e-3
1.507	3.740e-3
1.508	3.799e-3
1.509	3.860e-3
1.510	3.929e-3
1.511	3.997e-3
1.512	4.067e-3
1.513	4.137e-3
1.514	4.209e-3
1.515	4.286e-3
1.516	4.362e-3
1.517	4.441e-3
1.518	4.523e-3
1.519	4.604e-3
1.520	4.685e-3
1.521	4.768e-3
1.522	4.847e-3
1.523	4.926e-3
1.524	5.002e-3
1.525	5.079e-3
1.526	5.152e-3
1.527	5.218e-3
1.528	5.283e-3
1.529	5.347e-3
1.530	5.408e-3
1.531	5.460e-3
1.532	5.499e-3
1.533	5.539e-3
1.534	5.577e-3
1.535	5.607e-3
1.536	5.622e-3
1.537	5.635e-3
1.538	5.641e-3
1.539	5.646e-3
1.540	5.644e-3
1.541	5.636e-3
1.542	5.618e-3
1.543	5.597e-3
1.544	5.574e-3
1.545	5.550e-3
1.546	5.524e-3
1.547	5.492e-3
1.548	5.461e-3
1.549	5.434e-3
1.550	5.403e-3
1.551	5.363e-3
1.552	5.327e-3
1.553	5.296e-3
1.554	5.262e-3
1.555	5.230e-3
1.556	5.206e-3
1.557	5.179e-3
1.558	5.159e-3
1.559	5.137e-3
1.560	5.119e-3
1.561	5.104e-3
1.562	5.087e-3
1.563	5.068e-3
1.564	5.049e-3
1.565	5.028e-3
1.566	5.009e-3
1.567	4.998e-3
1.568	4.990e-3
1.569	4.973e-3
1.570	4.957e-3
1.571	4.945e-3
1.572	4.931e-3
1.573	4.907e-3
1.574	4.887e-3
1.575	4.872e-3
1.576	4.854e-3
1.577	4.833e-3
1.578	4.813e-3
1.579	4.789e-3
1.580	4.757e-3
1.581	4.723e-3
1.582	4.694e-3
1.583	4.660e-3
1.584	4.625e-3
1.585	4.589e-3
1.586	4.566e-3
1.587	4.549e-3
1.588	4.525e-3
1.589	4.494e-3
1.590	4.461e-3
1.591	4.429e-3
1.592	4.401e-3
1.593	4.374e-3
1.594	4.347e-3
1.595	4.319e-3
1.596	4.299e-3
1.597	4.276e-3
1.598	4.246e-3
1.599	4.220e-3
1.600	4.189e-3
1.601	4.152e-3
1.602	4.129e-3
1.603	4.106e-3
1.604	4.081e-3
1.605	4.058e-3
1.606	4.034e-3
1.607	4.019e-3
1.608	3.999e-3
1.609	3.979e-3
1.610	3.965e-3
1.611	3.946e-3
1.612	3.929e-3
1.613	3.911e-3
1.614	3.894e-3
1.615	3.886e-3
1.616	3.877e-3
1.617	3.872e-3
1.618	3.874e-3
1.619	3.870e-3
1.620	3.859e-3
1.621	3.850e-3
1.622	3.847e-3
1.623	3.838e-3
1.624	3.820e-3
1.625	3.804e-3
1.626	3.795e-3
1.627	3.781e-3
1.628	3.765e-3
1.629	3.757e-3
1.630	3.758e-3
1.631	3.758e-3
1.632	3.762e-3
1.633	3.765e-3
1.634	3.769e-3
1.635	3.779e-3
1.636	3.782e-3
1.637	3.774e-3
1.638	3.779e-3
1.639	3.785e-3
1.640	3.787e-3
1.641	3.785e-3
1.642	3.788e-3
1.643	3.782e-3
1.644	3.780e-3
1.645	3.774e-3
1.646	3.771e-3
1.647	3.777e-3
1.648	3.785e-3
1.649	3.793e-3
1.650	3.787e-3
1.651	3.787e-3
1.652	3.786e-3
1.653	3.784e-3
1.654	3.789e-3
1.655	3.796e-3
1.656	3.800e-3
1.657	3.813e-3
1.658	3.845e-3
1.659	3.869e-3
1.660	3.875e-3
1.661	3.842e-3
1.662	3.841e-3
1.663	3.850e-3
1.664	3.852e-3
1.665	3.856e-3
1.666	3.868e-3
1.667	3.880e-3
1.668	3.899e-3
1.669	3.908e-3
1.670	3.905e-3
1.671	3.907e-3
1.672	3.907e-3
1.673	3.920e-3
1.674	3.929e-3
1.675	3.933e-3
1.676	3.940e-3
1.677	3.949e-3
1.678	3.948e-3
1.679	3.949e-3
1.680	3.953e-3
1.681	3.971e-3
1.682	3.988e-3
1.683	3.994e-3
1.684	3.998e-3
1.685	4.004e-3
1.686	4.014e-3
1.687	4.017e-3
1.688	4.030e-3
1.689	4.056e-3
1.690	4.071e-3
1.691	4.081e-3
1.692	4.091e-3
1.693	4.100e-3
1.694	4.095e-3
1.695	4.088e-3
1.696	4.092e-3
1.697	4.104e-3
1.698	4.116e-3
1.699	4.123e-3
1.700	4.136e-3
1.701	4.150e-3
1.702	4.161e-3
1.703	4.168e-3
1.704	4.176e-3
1.705	4.182e-3
1.706	4.190e-3
1.707	4.201e-3
1.708	4.216e-3
1.709	4.219e-3
1.710	4.227e-3
1.711	4.236e-3
1.712	4.246e-3
1.713	4.258e-3
1.714	4.273e-3
1.715	4.290e-3
1.716	4.303e-3
1.717	4.310e-3
1.718	4.324e-3
1.719	4.332e-3
1.720	4.345e-3
1.721	4.359e-3
1.722	4.369e-3
1.723	4.379e-3
1.724	4.386e-3
1.725	4.391e-3
1.726	4.396e-3
1.727	4.403e-3
1.728	4.414e-3
1.729	4.429e-3
1.730	4.454e-3
1.731	4.454e-3
1.732	4.467e-3
1.733	4.480e-3
1.734	4.488e-3
1.735	4.500e-3
1.736	4.511e-3
1.737	4.516e-3
1.738	4.526e-3
1.739	4.546e-3
1.740	4.564e-3
1.741	4.578e-3
1.742	4.586e-3
1.743	4.598e-3
1.744	4.611e-3
1.745	4.623e-3
1.746	4.637e-3
1.747	4.650e-3
1.748	4.665e-3
1.749	4.686e-3
1.750	4.707e-3
1.751	4.718e-3
1.752	4.729e-3
1.753	4.737e-3
1.754	4.755e-3
1.755	4.773e-3
1.756	4.789e-3
1.757	4.803e-3
1.758	4.822e-3
1.759	4.828e-3
1.760	4.848e-3
1.761	4.856e-3
1.762	4.855e-3
1.763	4.863e-3
1.764	4.876e-3
1.765	4.894e-3
1.766	4.916e-3
1.767	4.919e-3
1.768	4.930e-3
1.769	4.941e-3
1.770	4.946e-3
1.771	4.958e-3
1.772	4.980e-3
1.773	4.999e-3
1.774	5.019e-3
1.775	5.037e-3
1.776	5.056e-3
1.777	5.089e-3
1.778	5.123e-3
1.779	5.121e-3
1.780	5.120e-3
1.781	5.135e-3
1.782	5.152e-3
1.783	5.171e-3
1.784	5.182e-3
1.785	5.198e-3
1.786	5.219e-3
1.787	5.228e-3
1.788	5.237e-3
1.789	5.257e-3
1.790	5.276e-3
1.791	5.295e-3
1.792	5.313e-3
1.793	5.334e-3
1.794	5.343e-3
1.795	5.359e-3
1.796	5.379e-3
1.797	5.394e-3
1.798	5.410e-3
1.799	5.433e-3
1.800	5.491e-3
1.801	5.511e-3
1.802	5.510e-3
1.803	5.527e-3
1.804	5.523e-3
1.805	5.525e-3
1.806	5.542e-3
1.807	5.568e-3
1.808	5.584e-3
1.809	5.604e-3
1.810	5.625e-3
1.811	5.664e-3
1.812	5.677e-3
1.813	5.699e-3
1.814	5.709e-3
1.815	5.709e-3
1.816	5.727e-3
1.817	5.741e-3
1.818	5.757e-3
1.819	5.774e-3
1.820	5.789e-3
1.821	5.814e-3
1.822	5.834e-3
1.823	5.853e-3
1.824	5.873e-3
1.825	5.902e-3
1.826	5.923e-3
1.827	5.968e-3
1.828	6.040e-3
1.829	6.081e-3
1.830	6.075e-3
1.831	6.075e-3
1.832	6.097e-3
1.833	6.130e-3
1.834	6.121e-3
1.835	6.127e-3
1.836	6.123e-3
1.837	6.137e-3
1.838	6.149e-3
1.839	6.177e-3
1.840	6.199e-3
1.841	6.226e-3
1.842	6.237e-3
1.843	6.249e-3
1.844	6.265e-3
1.845	6.295e-3
1.846	6.320e-3
1.847	6.365e-3
1.848	6.383e-3
1.849	6.403e-3
1.850	6.413e-3
1.851	6.456e-3
1.852	6.497e-3
1.853	6.528e-3
1.854	6.533e-3
1.855	6.544e-3
1.856	6.551e-3
1.857	6.569e-3
1.858	6.610e-3
1.859	6.642e-3
1.860	6.651e-3
1.861	6.668e-3
1.862	6.676e-3
1.863	6.702e-3
1.864	6.726e-3
1.865	6.739e-3
1.866	6.763e-3
1.867	6.799e-3
1.868	6.831e-3
1.869	6.844e-3
1.870	6.862e-3
1.871	6.897e-3
1.872	6.945e-3
1.873	6.970e-3
1.874	6.982e-3
1.875	7.014e-3
1.876	7.053e-3
1.877	7.071e-3
1.878	7.079e-3
1.879	7.099e-3
1.880	7.120e-3
1.881	7.149e-3
1.882	7.161e-3
1.883	7.199e-3
1.884	7.237e-3
1.885	7.255e-3
1.886	7.280e-3
1.887	7.297e-3
1.888	7.340e-3
1.889	7.379e-3
1.890	7.426e-3
1.891	7.467e-3
1.892	7.481e-3
1.893	7.478e-3
1.894	7.495e-3
1.895	7.521e-3
1.896	7.553e-3
1.897	7.582e-3
1.898	7.622e-3
1.899	7.687e-3
1.900	7.719e-3
1.901	7.775e-3
1.902	7.808e-3
1.903	7.829e-3
1.904	7.854e-3
1.905	7.911e-3
1.906	7.952e-3
1.907	7.975e-3
1.908	7.987e-3
1.909	8.003e-3
1.910	8.038e-3
1.911	8.076e-3
1.912	8.137e-3
1.913	8.163e-3
1.914	8.187e-3
1.915	8.209e-3
1.916	8.242e-3
1.917	8.288e-3
1.918	8.336e-3
1.919	8.369e-3
1.920	8.377e-3
1.921	8.408e-3
1.922	8.449e-3
1.923	8.513e-3
1.924	8.570e-3
1.925	8.562e-3
1.926	8.581e-3
1.927	8.600e-3
1.928	8.622e-3
1.929	8.664e-3
1.930	8.726e-3
1.931	8.803e-3
1.932	8.860e-3
1.933	8.873e-3
1.934	8.948e-3
1.935	8.980e-3
1.936	8.990e-3
1.937	9.041e-3
1.938	9.084e-3
1.939	9.120e-3
1.940	9.175e-3
1.941	9.218e-3
1.942	9.283e-3
1.943	9.351e-3
1.944	9.414e-3
1.945	9.436e-3
1.946	9.459e-3
1.947	9.486e-3
1.948	9.527e-3
1.949	9.589e-3
1.950	9.660e-3
1.951	9.693e-3
1.952	9.763e-3
1.953	9.779e-3
1.954	9.834e-3
1.955	9.993e-3
1.956	1.011e-2
1.957	1.018e-2
1.958	1.020e-2
1.959	1.024e-2
1.960	1.027e-2
1.961	1.032e-2
1.962	1.034e-2
1.963	1.035e-2
1.964	1.041e-2
1.965	1.046e-2
1.966	1.052e-2
1.967	1.058e-2
1.968	1.062e-2
1.969	1.063e-2
1.970	1.072e-2
1.971	1.079e-2
1.972	1.082e-2
1.973	1.087e-2
1.974	1.097e-2
1.975	1.108e-2
1.976	1.110e-2
1.977	1.114e-2
1.978	1.117e-2
1.979	1.124e-2
1.980	1.132e-2
1.981	1.140e-2
1.982	1.153e-2
1.983	1.162e-2
1.984	1.167e-2
1.985	1.173e-2
1.986	1.178e-2
1.987	1.184e-2
1.988	1.193e-2
1.989	1.200e-2
1.990	1.209e-2
1.991	1.217e-2
1.992	1.222e-2
1.993	1.227e-2
1.994	1.232e-2
1.995	1.239e-2
1.996	1.248e-2
1.997	1.257e-2
1.998	1.265e-2
1.999	1.272e-2
2.000	1.280e-2
2.001	1.289e-2
2.002	1.301e-2
2.003	1.311e-2
2.004	1.320e-2
2.005	1.333e-2
2.006	1.344e-2
2.007	1.351e-2
2.008	1.360e-2
2.009	1.369e-2
2.010	1.377e-2
2.011	1.390e-2
2.012	1.402e-2
2.013	1.414e-2
2.014	1.425e-2
2.015	1.433e-2
2.016	1.439e-2
2.017	1.447e-2
2.018	1.460e-2
2.019	1.471e-2
2.020	1.481e-2
2.021	1.495e-2
2.022	1.510e-2
2.023	1.520e-2
2.024	1.535e-2
2.025	1.547e-2
2.026	1.557e-2
2.027	1.566e-2
2.028	1.574e-2
2.029	1.592e-2
2.030	1.604e-2
2.031	1.611e-2
2.032	1.621e-2
2.033	1.631e-2
2.034	1.643e-2
2.035	1.658e-2
2.036	1.670e-2
2.037	1.683e-2
2.038	1.695e-2
2.039	1.708e-2
2.040	1.725e-2
2.041	1.742e-2
2.042	1.755e-2
2.043	1.771e-2
2.044	1.784e-2
2.045	1.796e-2
2.046	1.807e-2
2.047	1.817e-2
2.048	1.830e-2
2.049	1.845e-2
2.050	1.864e-2
2.051	1.878e-2
2.052	1.885e-2
2.053	1.891e-2
2.054	1.903e-2
2.055	1.917e-2
2.056	1.932e-2
2.057	1.956e-2
2.058	1.979e-2
2.059	1.999e-2
2.060	2.025e-2
2.061	2.041e-2
2.062	2.058e-2
2.063	2.076e-2
2.064	2.086e-2
2.065	2.102e-2
2.066	2.121e-2
2.067	2.136e-2
2.068	2.153e-2
2.069	2.166e-2
2.070	2.180e-2
2.071	2.194e-2
2.072	2.210e-2
2.073	2.229e-2
2.074	2.246e-2
2.075	2.260e-2
2.076	2.272e-2
2.077	2.282e-2
2.078	2.292e-2
2.079	2.302e-2
2.080	2.316e-2
2.081	2.329e-2
2.082	2.343e-2
2.083	2.362e-2
2.084	2.376e-2
2.085	2.383e-2
2.086	2.394e-2
2.087	2.411e-2
2.088	2.425e-2
2.089	2.437e-2
2.090	2.450e-2
2.091	2.466e-2
2.092	2.484e-2
2.093	2.499e-2
2.094	2.515e-2
2.095	2.531e-2
2.096	2.544e-2
2.097	2.562e-2
2.098	2.570e-2
2.099	2.582e-2
2.100	2.599e-2
2.101	2.614e-2
2.102	2.634e-2
2.103	2.655e-2
2.104	2.664e-2
2.105	2.682e-2
2.106	2.694e-2
2.107	2.701e-2
2.108	2.708e-2
2.109	2.720e-2
2.110	2.733e-2
2.111	2.743e-2
2.112	2.753e-2
2.113	2.772e-2
2.114	2.792e-2
2.115	2.803e-2
2.116	2.816e-2
2.117	2.832e-2
2.118	2.849e-2
2.119	2.867e-2
2.120	2.885e-2
2.121	2.894e-2
2.122	2.909e-2
2.123	2.923e-2
2.124	2.938e-2
2.125	2.952e-2
2.126	2.969e-2
2.127	2.989e-2
2.128	3.010e-2
2.129	3.026e-2
2.130	3.036e-2
2.131	3.049e-2
2.132	3.069e-2
2.133	3.087e-2
2.134	3.102e-2
2.135	3.119e-2
2.136	3.142e-2
2.137	3.168e-2
2.138	3.188e-2
2.139	3.203e-2
2.140	3.216e-2
2.141	3.235e-2
2.142	3.251e-2
2.143	3.259e-2
2.144	3.267e-2
2.145	3.285e-2
2.146	3.311e-2
2.147	3.337e-2
2.148	3.353e-2
2.149	3.377e-2
2.150	3.395e-2
2.151	3.406e-2
2.152	3.416e-2
2.153	3.442e-2
2.154	3.459e-2
2.155	3.474e-2
2.156	3.493e-2
2.157	3.506e-2
2.158	3.520e-2
2.159	3.539e-2
2.160	3.562e-2
2.161	3.585e-2
2.162	3.608e-2
2.163	3.623e-2
2.164	3.640e-2
2.165	3.658e-2
2.166	3.675e-2
2.167	3.695e-2
2.168	3.715e-2
2.169	3.734e-2
2.170	3.747e-2
2.171	3.763e-2
2.172	3.784e-2
2.173	3.800e-2
2.174	3.815e-2
2.175	3.832e-2
2.176	3.856e-2
2.177	3.872e-2
2.178	3.887e-2
2.179	3.903e-2
2.180	3.921e-2
2.181	3.938e-2
2.182	3.964e-2
2.183	3.981e-2
2.184	3.998e-2
2.185	4.022e-2
2.186	4.047e-2
2.187	4.075e-2
2.188	4.094e-2
2.189	4.118e-2
2.190	4.142e-2
2.191	4.166e-2
2.192	4.181e-2
2.193	4.199e-2
2.194	4.212e-2
2.195	4.230e-2
2.196	4.250e-2
2.197	4.268e-2
2.198	4.285e-2
2.199	4.305e-2
