Results:

Channel 1:
Potential/V	Current/A

1.200	2.324e-3
1.201	2.358e-3
1.202	2.377e-3
1.203	2.393e-3
1.204	2.403e-3
1.205	2.411e-3
1.206	2.420e-3
1.207	2.426e-3
1.208	2.433e-3
1.209	2.440e-3
1.210	2.446e-3
1.211	2.451e-3
1.212	2.456e-3
1.213	2.461e-3
1.214	2.467e-3
1.215	2.472e-3
1.216	2.476e-3
1.217	2.481e-3
1.218	2.485e-3
1.219	2.490e-3
1.220	2.494e-3
1.221	2.498e-3
1.222	2.502e-3
1.223	2.507e-3
1.224	2.511e-3
1.225	2.517e-3
1.226	2.521e-3
1.227	2.524e-3
1.228	2.529e-3
1.229	2.535e-3
1.230	2.540e-3
1.231	2.544e-3
1.232	2.547e-3
1.233	2.551e-3
1.234	2.555e-3
1.235	2.559e-3
1.236	2.564e-3
1.237	2.568e-3
1.238	2.571e-3
1.239	2.574e-3
1.240	2.578e-3
1.241	2.583e-3
1.242	2.587e-3
1.243	2.590e-3
1.244	2.593e-3
1.245	2.597e-3
1.246	2.601e-3
1.247	2.605e-3
1.248	2.610e-3
1.249	2.613e-3
1.250	2.616e-3
1.251	2.619e-3
1.252	2.623e-3
1.253	2.625e-3
1.254	2.630e-3
1.255	2.633e-3
1.256	2.636e-3
1.257	2.638e-3
1.258	2.643e-3
1.259	2.645e-3
1.260	2.648e-3
1.261	2.651e-3
1.262	2.654e-3
1.263	2.656e-3
1.264	2.660e-3
1.265	2.662e-3
1.266	2.665e-3
1.267	2.669e-3
1.268	2.670e-3
1.269	2.673e-3
1.270	2.676e-3
1.271	2.677e-3
1.272	2.680e-3
1.273	2.682e-3
1.274	2.684e-3
1.275	2.686e-3
1.276	2.689e-3
1.277	2.691e-3
1.278	2.692e-3
1.279	2.694e-3
1.280	2.697e-3
1.281	2.699e-3
1.282	2.700e-3
1.283	2.702e-3
1.284	2.703e-3
1.285	2.705e-3
1.286	2.706e-3
1.287	2.707e-3
1.288	2.708e-3
1.289	2.710e-3
1.290	2.712e-3
1.291	2.711e-3
1.292	2.714e-3
1.293	2.716e-3
1.294	2.716e-3
1.295	2.718e-3
1.296	2.719e-3
1.297	2.720e-3
1.298	2.720e-3
1.299	2.721e-3
1.300	2.721e-3
1.301	2.721e-3
1.302	2.722e-3
1.303	2.724e-3
1.304	2.723e-3
1.305	2.725e-3
1.306	2.726e-3
1.307	2.726e-3
1.308	2.727e-3
1.309	2.729e-3
1.310	2.728e-3
1.311	2.728e-3
1.312	2.729e-3
1.313	2.729e-3
1.314	2.731e-3
1.315	2.730e-3
1.316	2.730e-3
1.317	2.729e-3
1.318	2.729e-3
1.319	2.730e-3
1.320	2.729e-3
1.321	2.728e-3
1.322	2.727e-3
1.323	2.726e-3
1.324	2.725e-3
1.325	2.724e-3
1.326	2.724e-3
1.327	2.723e-3
1.328	2.724e-3
1.329	2.722e-3
1.330	2.720e-3
1.331	2.721e-3
1.332	2.719e-3
1.333	2.717e-3
1.334	2.715e-3
1.335	2.715e-3
1.336	2.711e-3
1.337	2.709e-3
1.338	2.707e-3
1.339	2.706e-3
1.340	2.702e-3
1.341	2.700e-3
1.342	2.698e-3
1.343	2.696e-3
1.344	2.695e-3
1.345	2.693e-3
1.346	2.689e-3
1.347	2.686e-3
1.348	2.684e-3
1.349	2.681e-3
1.350	2.679e-3
1.351	2.676e-3
1.352	2.672e-3
1.353	2.669e-3
1.354	2.666e-3
1.355	2.664e-3
1.356	2.659e-3
1.357	2.658e-3
1.358	2.653e-3
1.359	2.650e-3
1.360	2.647e-3
1.361	2.643e-3
1.362	2.639e-3
1.363	2.637e-3
1.364	2.633e-3
1.365	2.627e-3
1.366	2.624e-3
1.367	2.620e-3
1.368	2.617e-3
1.369	2.613e-3
1.370	2.611e-3
1.371	2.606e-3
1.372	2.603e-3
1.373	2.599e-3
1.374	2.595e-3
1.375	2.592e-3
1.376	2.590e-3
1.377	2.584e-3
1.378	2.580e-3
1.379	2.577e-3
1.380	2.575e-3
1.381	2.571e-3
1.382	2.568e-3
1.383	2.565e-3
1.384	2.561e-3
1.385	2.558e-3
1.386	2.555e-3
1.387	2.552e-3
1.388	2.548e-3
1.389	2.547e-3
1.390	2.544e-3
1.391	2.540e-3
1.392	2.538e-3
1.393	2.535e-3
1.394	2.534e-3
1.395	2.533e-3
1.396	2.530e-3
1.397	2.528e-3
1.398	2.526e-3
1.399	2.524e-3
1.400	2.522e-3
1.401	2.521e-3
1.402	2.521e-3
1.403	2.518e-3
1.404	2.518e-3
1.405	2.517e-3
1.406	2.517e-3
1.407	2.516e-3
1.408	2.516e-3
1.409	2.517e-3
1.410	2.517e-3
1.411	2.517e-3
1.412	2.517e-3
1.413	2.518e-3
1.414	2.519e-3
1.415	2.521e-3
1.416	2.522e-3
1.417	2.523e-3
1.418	2.526e-3
1.419	2.527e-3
1.420	2.531e-3
1.421	2.534e-3
1.422	2.538e-3
1.423	2.541e-3
1.424	2.546e-3
1.425	2.551e-3
1.426	2.554e-3
1.427	2.562e-3
1.428	2.571e-3
1.429	2.576e-3
1.430	2.583e-3
1.431	2.591e-3
1.432	2.599e-3
1.433	2.608e-3
1.434	2.617e-3
1.435	2.627e-3
1.436	2.637e-3
1.437	2.649e-3
1.438	2.662e-3
1.439	2.674e-3
1.440	2.690e-3
1.441	2.706e-3
1.442	2.721e-3
1.443	2.739e-3
1.444	2.756e-3
1.445	2.774e-3
1.446	2.795e-3
1.447	2.817e-3
1.448	2.840e-3
1.449	2.864e-3
1.450	2.891e-3
1.451	2.918e-3
1.452	2.948e-3
1.453	2.979e-3
1.454	3.011e-3
1.455	3.047e-3
1.456	3.085e-3
1.457	3.124e-3
1.458	3.167e-3
1.459	3.213e-3
1.460	3.264e-3
1.461	3.313e-3
1.462	3.369e-3
1.463	3.425e-3
1.464	3.483e-3
1.465	3.546e-3
1.466	3.613e-3
1.467	3.681e-3
1.468	3.752e-3
1.469	3.823e-3
1.470	3.902e-3
1.471	3.984e-3
1.472	4.073e-3
1.473	4.165e-3
1.474	4.261e-3
1.475	4.358e-3
1.476	4.463e-3
1.477	4.572e-3
1.478	4.682e-3
1.479	4.799e-3
1.480	4.918e-3
1.481	5.041e-3
1.482	5.171e-3
1.483	5.306e-3
1.484	5.442e-3
1.485	5.584e-3
1.486	5.731e-3
1.487	5.881e-3
1.488	6.037e-3
1.489	6.197e-3
1.490	6.361e-3
1.491	6.530e-3
1.492	6.707e-3
1.493	6.887e-3
1.494	7.070e-3
1.495	7.262e-3
1.496	7.455e-3
1.497	7.659e-3
1.498	7.861e-3
1.499	8.071e-3
1.500	8.282e-3
1.501	8.494e-3
1.502	8.712e-3
1.503	8.932e-3
1.504	9.155e-3
1.505	9.374e-3
1.506	9.595e-3
1.507	9.819e-3
1.508	1.003e-2
1.509	1.025e-2
1.510	1.046e-2
1.511	1.067e-2
1.512	1.087e-2
1.513	1.107e-2
1.514	1.125e-2
1.515	1.142e-2
1.516	1.158e-2
1.517	1.172e-2
1.518	1.184e-2
1.519	1.195e-2
1.520	1.204e-2
1.521	1.210e-2
1.522	1.215e-2
1.523	1.217e-2
1.524	1.217e-2
1.525	1.215e-2
1.526	1.211e-2
1.527	1.204e-2
1.528	1.197e-2
1.529	1.187e-2
1.530	1.175e-2
1.531	1.162e-2
1.532	1.149e-2
1.533	1.135e-2
1.534	1.121e-2
1.535	1.107e-2
1.536	1.093e-2
1.537	1.078e-2
1.538	1.064e-2
1.539	1.051e-2
1.540	1.038e-2
1.541	1.026e-2
1.542	1.015e-2
1.543	1.005e-2
1.544	9.959e-3
1.545	9.867e-3
1.546	9.777e-3
1.547	9.689e-3
1.548	9.609e-3
1.549	9.535e-3
1.550	9.469e-3
1.551	9.405e-3
1.552	9.329e-3
1.553	9.271e-3
1.554	9.217e-3
1.555	9.159e-3
1.556	9.098e-3
1.557	9.041e-3
1.558	8.982e-3
1.559	8.915e-3
1.560	8.859e-3
1.561	8.807e-3
1.562	8.759e-3
1.563	8.707e-3
1.564	8.657e-3
1.565	8.594e-3
1.566	8.524e-3
1.567	8.473e-3
1.568	8.426e-3
1.569	8.372e-3
1.570	8.318e-3
1.571	8.259e-3
1.572	8.188e-3
1.573	8.117e-3
1.574	8.056e-3
1.575	7.982e-3
1.576	7.909e-3
1.577	7.845e-3
1.578	7.793e-3
1.579	7.734e-3
1.580	7.687e-3
1.581	7.639e-3
1.582	7.561e-3
1.583	7.492e-3
1.584	7.431e-3
1.585	7.362e-3
1.586	7.312e-3
1.587	7.256e-3
1.588	7.189e-3
1.589	7.139e-3
1.590	7.094e-3
1.591	7.045e-3
1.592	6.985e-3
1.593	6.926e-3
1.594	6.872e-3
1.595	6.821e-3
1.596	6.775e-3
1.597	6.722e-3
1.598	6.680e-3
1.599	6.635e-3
1.600	6.592e-3
1.601	6.557e-3
1.602	6.531e-3
1.603	6.493e-3
1.604	6.440e-3
1.605	6.406e-3
1.606	6.379e-3
1.607	6.344e-3
1.608	6.299e-3
1.609	6.259e-3
1.610	6.223e-3
1.611	6.194e-3
1.612	6.166e-3
1.613	6.140e-3
1.614	6.108e-3
1.615	6.082e-3
1.616	6.063e-3
1.617	6.048e-3
1.618	6.035e-3
1.619	6.010e-3
1.620	5.971e-3
1.621	5.941e-3
1.622	5.921e-3
1.623	5.910e-3
1.624	5.901e-3
1.625	5.893e-3
1.626	5.866e-3
1.627	5.844e-3
1.628	5.823e-3
1.629	5.797e-3
1.630	5.778e-3
1.631	5.770e-3
1.632	5.753e-3
1.633	5.747e-3
1.634	5.748e-3
1.635	5.747e-3
1.636	5.745e-3
1.637	5.744e-3
1.638	5.724e-3
1.639	5.723e-3
1.640	5.711e-3
1.641	5.700e-3
1.642	5.692e-3
1.643	5.673e-3
1.644	5.649e-3
1.645	5.642e-3
1.646	5.629e-3
1.647	5.629e-3
1.648	5.628e-3
1.649	5.613e-3
1.650	5.596e-3
1.651	5.602e-3
1.652	5.611e-3
1.653	5.602e-3
1.654	5.587e-3
1.655	5.587e-3
1.656	5.582e-3
1.657	5.579e-3
1.658	5.567e-3
1.659	5.561e-3
1.660	5.560e-3
1.661	5.556e-3
1.662	5.566e-3
1.663	5.607e-3
1.664	5.603e-3
1.665	5.601e-3
1.666	5.600e-3
1.667	5.609e-3
1.668	5.606e-3
1.669	5.597e-3
1.670	5.593e-3
1.671	5.604e-3
1.672	5.601e-3
1.673	5.601e-3
1.674	5.594e-3
1.675	5.601e-3
1.676	5.605e-3
1.677	5.604e-3
1.678	5.620e-3
1.679	5.624e-3
1.680	5.616e-3
1.681	5.607e-3
1.682	5.600e-3
1.683	5.586e-3
1.684	5.584e-3
1.685	5.577e-3
1.686	5.586e-3
1.687	5.600e-3
1.688	5.590e-3
1.689	5.579e-3
1.690	5.588e-3
1.691	5.606e-3
1.692	5.616e-3
1.693	5.610e-3
1.694	5.608e-3
1.695	5.618e-3
1.696	5.596e-3
1.697	5.590e-3
1.698	5.597e-3
1.699	5.617e-3
1.700	5.641e-3
1.701	5.645e-3
1.702	5.640e-3
1.703	5.635e-3
1.704	5.656e-3
1.705	5.664e-3
1.706	5.655e-3
1.707	5.655e-3
1.708	5.679e-3
1.709	5.690e-3
1.710	5.694e-3
1.711	5.696e-3
1.712	5.688e-3
1.713	5.683e-3
1.714	5.682e-3
1.715	5.675e-3
1.716	5.677e-3
1.717	5.691e-3
1.718	5.696e-3
1.719	5.696e-3
1.720	5.697e-3
1.721	5.708e-3
1.722	5.718e-3
1.723	5.764e-3
1.724	5.751e-3
1.725	5.749e-3
1.726	5.758e-3
1.727	5.766e-3
1.728	5.779e-3
1.729	5.783e-3
1.730	5.805e-3
1.731	5.832e-3
1.732	5.817e-3
1.733	5.824e-3
1.734	5.831e-3
1.735	5.834e-3
1.736	5.829e-3
1.737	5.827e-3
1.738	5.827e-3
1.739	5.818e-3
1.740	5.821e-3
1.741	5.827e-3
1.742	5.848e-3
1.743	5.841e-3
1.744	5.846e-3
1.745	5.864e-3
1.746	5.875e-3
1.747	5.873e-3
1.748	5.878e-3
1.749	5.879e-3
1.750	5.892e-3
1.751	5.906e-3
1.752	5.918e-3
1.753	5.933e-3
1.754	5.922e-3
1.755	5.916e-3
1.756	5.945e-3
1.757	5.949e-3
1.758	5.964e-3
1.759	5.971e-3
1.760	5.991e-3
1.761	5.995e-3
1.762	6.007e-3
1.763	6.032e-3
1.764	6.046e-3
1.765	6.065e-3
1.766	6.079e-3
1.767	6.092e-3
1.768	6.122e-3
1.769	6.167e-3
1.770	6.160e-3
1.771	6.150e-3
1.772	6.135e-3
1.773	6.176e-3
1.774	6.232e-3
1.775	6.227e-3
1.776	6.252e-3
1.777	6.233e-3
1.778	6.209e-3
1.779	6.205e-3
1.780	6.215e-3
1.781	6.237e-3
1.782	6.259e-3
1.783	6.274e-3
1.784	6.284e-3
1.785	6.287e-3
1.786	6.282e-3
1.787	6.299e-3
1.788	6.328e-3
1.789	6.304e-3
1.790	6.267e-3
1.791	6.277e-3
1.792	6.297e-3
1.793	6.304e-3
1.794	6.370e-3
1.795	6.425e-3
1.796	6.412e-3
1.797	6.394e-3
1.798	6.398e-3
1.799	6.403e-3
1.800	6.420e-3
1.801	6.425e-3
1.802	6.446e-3
1.803	6.457e-3
1.804	6.452e-3
1.805	6.456e-3
1.806	6.471e-3
1.807	6.481e-3
1.808	6.533e-3
1.809	6.595e-3
1.810	6.610e-3
1.811	6.554e-3
1.812	6.542e-3
1.813	6.541e-3
1.814	6.566e-3
1.815	6.596e-3
1.816	6.617e-3
1.817	6.639e-3
1.818	6.681e-3
1.819	6.693e-3
1.820	6.688e-3
1.821	6.690e-3
1.822	6.724e-3
1.823	6.738e-3
1.824	6.781e-3
1.825	6.765e-3
1.826	6.811e-3
1.827	6.854e-3
1.828	6.845e-3
1.829	6.846e-3
1.830	6.887e-3
1.831	6.921e-3
1.832	6.960e-3
1.833	6.963e-3
1.834	6.983e-3
1.835	7.025e-3
1.836	7.032e-3
1.837	7.025e-3
1.838	7.074e-3
1.839	7.070e-3
1.840	7.069e-3
1.841	7.083e-3
1.842	7.149e-3
1.843	7.173e-3
1.844	7.165e-3
1.845	7.178e-3
1.846	7.204e-3
1.847	7.230e-3
1.848	7.266e-3
1.849	7.297e-3
1.850	7.339e-3
1.851	7.457e-3
1.852	7.505e-3
1.853	7.534e-3
1.854	7.534e-3
1.855	7.553e-3
1.856	7.562e-3
1.857	7.593e-3
1.858	7.665e-3
1.859	7.655e-3
1.860	7.676e-3
1.861	7.765e-3
1.862	7.821e-3
1.863	7.809e-3
1.864	7.844e-3
1.865	7.879e-3
1.866	7.932e-3
1.867	8.014e-3
1.868	8.076e-3
1.869	8.116e-3
1.870	8.091e-3
1.871	8.109e-3
1.872	8.113e-3
1.873	8.151e-3
1.874	8.200e-3
1.875	8.225e-3
1.876	8.268e-3
1.877	8.346e-3
1.878	8.401e-3
1.879	8.458e-3
1.880	8.543e-3
1.881	8.539e-3
1.882	8.557e-3
1.883	8.590e-3
1.884	8.616e-3
1.885	8.661e-3
1.886	8.689e-3
1.887	8.739e-3
1.888	8.841e-3
1.889	8.884e-3
1.890	8.936e-3
1.891	8.972e-3
1.892	9.021e-3
1.893	9.080e-3
1.894	9.196e-3
1.895	9.279e-3
1.896	9.321e-3
1.897	9.391e-3
1.898	9.391e-3
1.899	9.427e-3
1.900	9.462e-3
1.901	9.524e-3
1.902	9.616e-3
1.903	9.683e-3
1.904	9.742e-3
1.905	9.747e-3
1.906	9.814e-3
1.907	9.883e-3
1.908	9.893e-3
1.909	1.001e-2
1.910	1.017e-2
1.911	1.023e-2
1.912	1.021e-2
1.913	1.026e-2
1.914	1.034e-2
1.915	1.035e-2
1.916	1.040e-2
1.917	1.055e-2
1.918	1.067e-2
1.919	1.074e-2
1.920	1.075e-2
1.921	1.078e-2
1.922	1.094e-2
1.923	1.097e-2
1.924	1.107e-2
1.925	1.118e-2
1.926	1.123e-2
1.927	1.130e-2
1.928	1.140e-2
1.929	1.151e-2
1.930	1.155e-2
1.931	1.164e-2
1.932	1.178e-2
1.933	1.183e-2
1.934	1.192e-2
1.935	1.204e-2
1.936	1.208e-2
1.937	1.212e-2
1.938	1.213e-2
1.939	1.220e-2
1.940	1.231e-2
1.941	1.242e-2
1.942	1.254e-2
1.943	1.264e-2
1.944	1.281e-2
1.945	1.289e-2
1.946	1.294e-2
1.947	1.307e-2
1.948	1.309e-2
1.949	1.317e-2
1.950	1.324e-2
1.951	1.332e-2
1.952	1.338e-2
1.953	1.347e-2
1.954	1.351e-2
1.955	1.361e-2
1.956	1.373e-2
1.957	1.373e-2
1.958	1.375e-2
1.959	1.384e-2
1.960	1.388e-2
1.961	1.395e-2
1.962	1.400e-2
1.963	1.406e-2
1.964	1.411e-2
1.965	1.417e-2
1.966	1.419e-2
1.967	1.421e-2
1.968	1.431e-2
1.969	1.436e-2
1.970	1.454e-2
1.971	1.464e-2
1.972	1.456e-2
1.973	1.458e-2
1.974	1.478e-2
1.975	1.482e-2
1.976	1.491e-2
1.977	1.495e-2
1.978	1.498e-2
1.979	1.501e-2
1.980	1.516e-2
1.981	1.519e-2
1.982	1.526e-2
1.983	1.529e-2
1.984	1.533e-2
1.985	1.551e-2
1.986	1.563e-2
1.987	1.565e-2
1.988	1.561e-2
1.989	1.566e-2
1.990	1.584e-2
1.991	1.593e-2
1.992	1.588e-2
1.993	1.597e-2
1.994	1.617e-2
1.995	1.642e-2
1.996	1.652e-2
1.997	1.664e-2
1.998	1.666e-2
1.999	1.675e-2
2.000	1.676e-2
2.001	1.678e-2
2.002	1.686e-2
2.003	1.705e-2
2.004	1.735e-2
2.005	1.738e-2
2.006	1.745e-2
2.007	1.759e-2
2.008	1.781e-2
2.009	1.798e-2
2.010	1.815e-2
2.011	1.831e-2
2.012	1.846e-2
2.013	1.861e-2
2.014	1.873e-2
2.015	1.891e-2
2.016	1.923e-2
2.017	1.942e-2
2.018	1.946e-2
2.019	1.969e-2
2.020	1.999e-2
2.021	2.027e-2
2.022	2.040e-2
2.023	2.054e-2
2.024	2.067e-2
2.025	2.085e-2
2.026	2.105e-2
2.027	2.119e-2
2.028	2.148e-2
2.029	2.166e-2
2.030	2.197e-2
2.031	2.217e-2
2.032	2.217e-2
2.033	2.222e-2
2.034	2.240e-2
2.035	2.254e-2
2.036	2.275e-2
2.037	2.315e-2
2.038	2.316e-2
2.039	2.328e-2
2.040	2.346e-2
2.041	2.355e-2
2.042	2.369e-2
2.043	2.405e-2
2.044	2.428e-2
2.045	2.427e-2
2.046	2.438e-2
2.047	2.455e-2
2.048	2.487e-2
2.049	2.511e-2
2.050	2.542e-2
2.051	2.556e-2
2.052	2.573e-2
2.053	2.584e-2
2.054	2.593e-2
2.055	2.612e-2
2.056	2.627e-2
2.057	2.646e-2
2.058	2.676e-2
2.059	2.691e-2
2.060	2.701e-2
2.061	2.714e-2
2.062	2.743e-2
2.063	2.773e-2
2.064	2.811e-2
2.065	2.846e-2
2.066	2.868e-2
2.067	2.855e-2
2.068	2.864e-2
2.069	2.916e-2
2.070	2.946e-2
2.071	2.949e-2
2.072	2.967e-2
2.073	2.987e-2
2.074	3.012e-2
2.075	3.034e-2
2.076	3.041e-2
2.077	3.041e-2
2.078	3.063e-2
2.079	3.089e-2
2.080	3.127e-2
2.081	3.157e-2
2.082	3.158e-2
2.083	3.183e-2
2.084	3.211e-2
2.085	3.251e-2
2.086	3.292e-2
2.087	3.297e-2
2.088	3.314e-2
2.089	3.338e-2
2.090	3.365e-2
2.091	3.395e-2
2.092	3.425e-2
2.093	3.429e-2
2.094	3.437e-2
2.095	3.454e-2
2.096	3.493e-2
2.097	3.498e-2
2.098	3.521e-2
2.099	3.555e-2
2.100	3.595e-2
2.101	3.620e-2
2.102	3.628e-2
2.103	3.653e-2
2.104	3.660e-2
2.105	3.668e-2
2.106	3.708e-2
2.107	3.758e-2
2.108	3.787e-2
2.109	3.791e-2
2.110	3.796e-2
2.111	3.820e-2
2.112	3.850e-2
2.113	3.883e-2
2.114	3.920e-2
2.115	3.930e-2
2.116	3.960e-2
2.117	3.958e-2
2.118	3.991e-2
2.119	4.024e-2
2.120	4.053e-2
2.121	4.080e-2
2.122	4.132e-2
2.123	4.160e-2
2.124	4.195e-2
2.125	4.198e-2
2.126	4.216e-2
2.127	4.250e-2
2.128	4.278e-2
2.129	4.307e-2
2.130	4.353e-2
2.131	4.410e-2
2.132	4.435e-2
2.133	4.474e-2
2.134	4.504e-2
2.135	4.536e-2
2.136	4.550e-2
2.137	4.579e-2
2.138	4.603e-2
2.139	4.631e-2
2.140	4.675e-2
2.141	4.710e-2
2.142	4.737e-2
2.143	4.796e-2
2.144	4.812e-2
2.145	4.851e-2
2.146	4.899e-2
2.147	4.913e-2
2.148	4.905e-2
2.149	4.926e-2
2.150	4.970e-2
2.151	5.022e-2
2.152	5.063e-2
2.153	5.117e-2
2.154	5.154e-2
2.155	5.174e-2
2.156	5.204e-2
2.157	5.247e-2
2.158	5.277e-2
2.159	5.320e-2
2.160	5.383e-2
2.161	5.451e-2
2.162	5.484e-2
2.163	5.519e-2
2.164	5.549e-2
2.165	5.584e-2
2.166	5.591e-2
2.167	5.625e-2
2.168	5.653e-2
2.169	5.675e-2
2.170	5.736e-2
2.171	5.794e-2
2.172	5.856e-2
2.173	5.900e-2
2.174	5.918e-2
2.175	5.942e-2
2.176	5.977e-2
2.177	6.015e-2
2.178	6.044e-2
2.179	6.085e-2
2.180	6.123e-2
2.181	6.143e-2
2.182	6.189e-2
2.183	6.239e-2
2.184	6.292e-2
2.185	6.332e-2
2.186	6.390e-2
2.187	6.424e-2
2.188	6.436e-2
2.189	6.475e-2
2.190	6.521e-2
2.191	6.614e-2
2.192	6.699e-2
2.193	6.747e-2
2.194	6.794e-2
2.195	6.828e-2
2.196	6.879e-2
2.197	6.957e-2
2.198	7.002e-2
2.199	7.056e-2
