Results:

Channel 1:
Potential/V	Current/A

1.200	2.545e-3
1.201	2.571e-3
1.202	2.586e-3
1.203	2.595e-3
1.204	2.604e-3
1.205	2.609e-3
1.206	2.615e-3
1.207	2.620e-3
1.208	2.624e-3
1.209	2.628e-3
1.210	2.633e-3
1.211	2.636e-3
1.212	2.639e-3
1.213	2.642e-3
1.214	2.646e-3
1.215	2.650e-3
1.216	2.652e-3
1.217	2.656e-3
1.218	2.659e-3
1.219	2.662e-3
1.220	2.664e-3
1.221	2.667e-3
1.222	2.671e-3
1.223	2.675e-3
1.224	2.676e-3
1.225	2.679e-3
1.226	2.683e-3
1.227	2.686e-3
1.228	2.690e-3
1.229	2.694e-3
1.230	2.697e-3
1.231	2.700e-3
1.232	2.702e-3
1.233	2.706e-3
1.234	2.708e-3
1.235	2.711e-3
1.236	2.714e-3
1.237	2.716e-3
1.238	2.719e-3
1.239	2.721e-3
1.240	2.724e-3
1.241	2.727e-3
1.242	2.730e-3
1.243	2.733e-3
1.244	2.734e-3
1.245	2.737e-3
1.246	2.740e-3
1.247	2.740e-3
1.248	2.744e-3
1.249	2.746e-3
1.250	2.748e-3
1.251	2.750e-3
1.252	2.753e-3
1.253	2.755e-3
1.254	2.757e-3
1.255	2.760e-3
1.256	2.761e-3
1.257	2.763e-3
1.258	2.766e-3
1.259	2.768e-3
1.260	2.769e-3
1.261	2.771e-3
1.262	2.773e-3
1.263	2.776e-3
1.264	2.776e-3
1.265	2.777e-3
1.266	2.778e-3
1.267	2.781e-3
1.268	2.784e-3
1.269	2.784e-3
1.270	2.785e-3
1.271	2.786e-3
1.272	2.788e-3
1.273	2.789e-3
1.274	2.791e-3
1.275	2.791e-3
1.276	2.793e-3
1.277	2.794e-3
1.278	2.795e-3
1.279	2.795e-3
1.280	2.797e-3
1.281	2.799e-3
1.282	2.800e-3
1.283	2.801e-3
1.284	2.800e-3
1.285	2.802e-3
1.286	2.802e-3
1.287	2.804e-3
1.288	2.804e-3
1.289	2.804e-3
1.290	2.804e-3
1.291	2.805e-3
1.292	2.806e-3
1.293	2.806e-3
1.294	2.806e-3
1.295	2.806e-3
1.296	2.805e-3
1.297	2.806e-3
1.298	2.806e-3
1.299	2.806e-3
1.300	2.806e-3
1.301	2.806e-3
1.302	2.806e-3
1.303	2.806e-3
1.304	2.805e-3
1.305	2.806e-3
1.306	2.808e-3
1.307	2.806e-3
1.308	2.804e-3
1.309	2.804e-3
1.310	2.803e-3
1.311	2.803e-3
1.312	2.801e-3
1.313	2.801e-3
1.314	2.800e-3
1.315	2.799e-3
1.316	2.797e-3
1.317	2.796e-3
1.318	2.795e-3
1.319	2.795e-3
1.320	2.793e-3
1.321	2.791e-3
1.322	2.790e-3
1.323	2.788e-3
1.324	2.787e-3
1.325	2.786e-3
1.326	2.783e-3
1.327	2.782e-3
1.328	2.780e-3
1.329	2.778e-3
1.330	2.775e-3
1.331	2.775e-3
1.332	2.772e-3
1.333	2.770e-3
1.334	2.767e-3
1.335	2.765e-3
1.336	2.762e-3
1.337	2.760e-3
1.338	2.757e-3
1.339	2.754e-3
1.340	2.752e-3
1.341	2.749e-3
1.342	2.746e-3
1.343	2.742e-3
1.344	2.740e-3
1.345	2.738e-3
1.346	2.733e-3
1.347	2.730e-3
1.348	2.726e-3
1.349	2.723e-3
1.350	2.720e-3
1.351	2.717e-3
1.352	2.714e-3
1.353	2.709e-3
1.354	2.705e-3
1.355	2.701e-3
1.356	2.697e-3
1.357	2.695e-3
1.358	2.691e-3
1.359	2.688e-3
1.360	2.683e-3
1.361	2.679e-3
1.362	2.676e-3
1.363	2.672e-3
1.364	2.668e-3
1.365	2.663e-3
1.366	2.660e-3
1.367	2.656e-3
1.368	2.652e-3
1.369	2.648e-3
1.370	2.646e-3
1.371	2.641e-3
1.372	2.637e-3
1.373	2.633e-3
1.374	2.630e-3
1.375	2.626e-3
1.376	2.621e-3
1.377	2.617e-3
1.378	2.613e-3
1.379	2.608e-3
1.380	2.605e-3
1.381	2.601e-3
1.382	2.598e-3
1.383	2.595e-3
1.384	2.590e-3
1.385	2.588e-3
1.386	2.584e-3
1.387	2.581e-3
1.388	2.577e-3
1.389	2.574e-3
1.390	2.570e-3
1.391	2.567e-3
1.392	2.564e-3
1.393	2.560e-3
1.394	2.556e-3
1.395	2.555e-3
1.396	2.553e-3
1.397	2.549e-3
1.398	2.547e-3
1.399	2.545e-3
1.400	2.541e-3
1.401	2.539e-3
1.402	2.536e-3
1.403	2.534e-3
1.404	2.534e-3
1.405	2.530e-3
1.406	2.529e-3
1.407	2.528e-3
1.408	2.526e-3
1.409	2.524e-3
1.410	2.522e-3
1.411	2.522e-3
1.412	2.522e-3
1.413	2.520e-3
1.414	2.519e-3
1.415	2.520e-3
1.416	2.519e-3
1.417	2.518e-3
1.418	2.519e-3
1.419	2.519e-3
1.420	2.519e-3
1.421	2.521e-3
1.422	2.521e-3
1.423	2.522e-3
1.424	2.522e-3
1.425	2.524e-3
1.426	2.526e-3
1.427	2.529e-3
1.428	2.532e-3
1.429	2.534e-3
1.430	2.537e-3
1.431	2.540e-3
1.432	2.544e-3
1.433	2.549e-3
1.434	2.556e-3
1.435	2.561e-3
1.436	2.567e-3
1.437	2.573e-3
1.438	2.579e-3
1.439	2.584e-3
1.440	2.593e-3
1.441	2.601e-3
1.442	2.610e-3
1.443	2.619e-3
1.444	2.629e-3
1.445	2.640e-3
1.446	2.651e-3
1.447	2.664e-3
1.448	2.677e-3
1.449	2.690e-3
1.450	2.705e-3
1.451	2.720e-3
1.452	2.736e-3
1.453	2.752e-3
1.454	2.771e-3
1.455	2.788e-3
1.456	2.808e-3
1.457	2.828e-3
1.458	2.850e-3
1.459	2.875e-3
1.460	2.900e-3
1.461	2.923e-3
1.462	2.950e-3
1.463	2.977e-3
1.464	3.008e-3
1.465	3.042e-3
1.466	3.076e-3
1.467	3.111e-3
1.468	3.148e-3
1.469	3.188e-3
1.470	3.232e-3
1.471	3.274e-3
1.472	3.321e-3
1.473	3.369e-3
1.474	3.418e-3
1.475	3.470e-3
1.476	3.524e-3
1.477	3.579e-3
1.478	3.638e-3
1.479	3.696e-3
1.480	3.755e-3
1.481	3.816e-3
1.482	3.881e-3
1.483	3.948e-3
1.484	4.022e-3
1.485	4.095e-3
1.486	4.170e-3
1.487	4.246e-3
1.488	4.326e-3
1.489	4.407e-3
1.490	4.491e-3
1.491	4.580e-3
1.492	4.671e-3
1.493	4.762e-3
1.494	4.859e-3
1.495	4.955e-3
1.496	5.056e-3
1.497	5.162e-3
1.498	5.268e-3
1.499	5.378e-3
1.500	5.485e-3
1.501	5.595e-3
1.502	5.703e-3
1.503	5.817e-3
1.504	5.930e-3
1.505	6.045e-3
1.506	6.160e-3
1.507	6.276e-3
1.508	6.390e-3
1.509	6.499e-3
1.510	6.610e-3
1.511	6.720e-3
1.512	6.826e-3
1.513	6.928e-3
1.514	7.028e-3
1.515	7.122e-3
1.516	7.205e-3
1.517	7.283e-3
1.518	7.351e-3
1.519	7.413e-3
1.520	7.466e-3
1.521	7.503e-3
1.522	7.523e-3
1.523	7.543e-3
1.524	7.552e-3
1.525	7.543e-3
1.526	7.524e-3
1.527	7.499e-3
1.528	7.468e-3
1.529	7.429e-3
1.530	7.387e-3
1.531	7.341e-3
1.532	7.291e-3
1.533	7.230e-3
1.534	7.170e-3
1.535	7.111e-3
1.536	7.053e-3
1.537	6.999e-3
1.538	6.942e-3
1.539	6.886e-3
1.540	6.835e-3
1.541	6.791e-3
1.542	6.746e-3
1.543	6.704e-3
1.544	6.658e-3
1.545	6.624e-3
1.546	6.587e-3
1.547	6.551e-3
1.548	6.518e-3
1.549	6.485e-3
1.550	6.453e-3
1.551	6.425e-3
1.552	6.399e-3
1.553	6.382e-3
1.554	6.352e-3
1.555	6.324e-3
1.556	6.298e-3
1.557	6.268e-3
1.558	6.238e-3
1.559	6.208e-3
1.560	6.172e-3
1.561	6.136e-3
1.562	6.109e-3
1.563	6.081e-3
1.564	6.049e-3
1.565	6.012e-3
1.566	5.980e-3
1.567	5.952e-3
1.568	5.917e-3
1.569	5.888e-3
1.570	5.854e-3
1.571	5.814e-3
1.572	5.782e-3
1.573	5.749e-3
1.574	5.724e-3
1.575	5.704e-3
1.576	5.654e-3
1.577	5.622e-3
1.578	5.589e-3
1.579	5.562e-3
1.580	5.534e-3
1.581	5.497e-3
1.582	5.446e-3
1.583	5.408e-3
1.584	5.381e-3
1.585	5.366e-3
1.586	5.322e-3
1.587	5.275e-3
1.588	5.218e-3
1.589	5.175e-3
1.590	5.150e-3
1.591	5.127e-3
1.592	5.098e-3
1.593	5.066e-3
1.594	5.010e-3
1.595	4.974e-3
1.596	4.946e-3
1.597	4.921e-3
1.598	4.903e-3
1.599	4.893e-3
1.600	4.876e-3
1.601	4.858e-3
1.602	4.835e-3
1.603	4.816e-3
1.604	4.790e-3
1.605	4.747e-3
1.606	4.716e-3
1.607	4.703e-3
1.608	4.693e-3
1.609	4.668e-3
1.610	4.648e-3
1.611	4.635e-3
1.612	4.624e-3
1.613	4.612e-3
1.614	4.583e-3
1.615	4.564e-3
1.616	4.553e-3
1.617	4.544e-3
1.618	4.526e-3
1.619	4.520e-3
1.620	4.518e-3
1.621	4.514e-3
1.622	4.509e-3
1.623	4.506e-3
1.624	4.495e-3
1.625	4.487e-3
1.626	4.477e-3
1.627	4.477e-3
1.628	4.474e-3
1.629	4.465e-3
1.630	4.458e-3
1.631	4.453e-3
1.632	4.456e-3
1.633	4.461e-3
1.634	4.467e-3
1.635	4.470e-3
1.636	4.469e-3
1.637	4.486e-3
1.638	4.506e-3
1.639	4.488e-3
1.640	4.466e-3
1.641	4.468e-3
1.642	4.470e-3
1.643	4.468e-3
1.644	4.471e-3
1.645	4.476e-3
1.646	4.483e-3
1.647	4.487e-3
1.648	4.486e-3
1.649	4.478e-3
1.650	4.475e-3
1.651	4.487e-3
1.652	4.489e-3
1.653	4.490e-3
1.654	4.499e-3
1.655	4.507e-3
1.656	4.513e-3
1.657	4.528e-3
1.658	4.535e-3
1.659	4.529e-3
1.660	4.538e-3
1.661	4.548e-3
1.662	4.549e-3
1.663	4.554e-3
1.664	4.561e-3
1.665	4.564e-3
1.666	4.580e-3
1.667	4.585e-3
1.668	4.582e-3
1.669	4.590e-3
1.670	4.596e-3
1.671	4.603e-3
1.672	4.612e-3
1.673	4.622e-3
1.674	4.647e-3
1.675	4.667e-3
1.676	4.658e-3
1.677	4.663e-3
1.678	4.661e-3
1.679	4.659e-3
1.680	4.665e-3
1.681	4.659e-3
1.682	4.663e-3
1.683	4.672e-3
1.684	4.676e-3
1.685	4.683e-3
1.686	4.700e-3
1.687	4.700e-3
1.688	4.713e-3
1.689	4.712e-3
1.690	4.719e-3
1.691	4.730e-3
1.692	4.734e-3
1.693	4.740e-3
1.694	4.777e-3
1.695	4.791e-3
1.696	4.789e-3
1.697	4.805e-3
1.698	4.815e-3
1.699	4.818e-3
1.700	4.826e-3
1.701	4.826e-3
1.702	4.831e-3
1.703	4.839e-3
1.704	4.845e-3
1.705	4.852e-3
1.706	4.867e-3
1.707	4.889e-3
1.708	4.901e-3
1.709	4.905e-3
1.710	4.913e-3
1.711	4.917e-3
1.712	4.928e-3
1.713	4.938e-3
1.714	4.965e-3
1.715	4.992e-3
1.716	5.011e-3
1.717	5.019e-3
1.718	5.028e-3
1.719	5.043e-3
1.720	5.042e-3
1.721	5.041e-3
1.722	5.044e-3
1.723	5.063e-3
1.724	5.066e-3
1.725	5.073e-3
1.726	5.086e-3
1.727	5.073e-3
1.728	5.088e-3
1.729	5.100e-3
1.730	5.118e-3
1.731	5.125e-3
1.732	5.135e-3
1.733	5.138e-3
1.734	5.154e-3
1.735	5.181e-3
1.736	5.179e-3
1.737	5.201e-3
1.738	5.220e-3
1.739	5.237e-3
1.740	5.247e-3
1.741	5.251e-3
1.742	5.252e-3
1.743	5.271e-3
1.744	5.280e-3
1.745	5.281e-3
1.746	5.290e-3
1.747	5.305e-3
1.748	5.320e-3
1.749	5.332e-3
1.750	5.356e-3
1.751	5.374e-3
1.752	5.388e-3
1.753	5.387e-3
1.754	5.405e-3
1.755	5.421e-3
1.756	5.425e-3
1.757	5.445e-3
1.758	5.462e-3
1.759	5.470e-3
1.760	5.482e-3
1.761	5.491e-3
1.762	5.514e-3
1.763	5.530e-3
1.764	5.562e-3
1.765	5.570e-3
1.766	5.590e-3
1.767	5.619e-3
1.768	5.612e-3
1.769	5.618e-3
1.770	5.629e-3
1.771	5.651e-3
1.772	5.657e-3
1.773	5.668e-3
1.774	5.690e-3
1.775	5.718e-3
1.776	5.749e-3
1.777	5.769e-3
1.778	5.784e-3
1.779	5.797e-3
1.780	5.820e-3
1.781	5.838e-3
1.782	5.841e-3
1.783	5.878e-3
1.784	5.884e-3
1.785	5.909e-3
1.786	5.939e-3
1.787	5.958e-3
1.788	5.959e-3
1.789	5.968e-3
1.790	5.986e-3
1.791	6.009e-3
1.792	6.029e-3
1.793	6.050e-3
1.794	6.082e-3
1.795	6.118e-3
1.796	6.147e-3
1.797	6.148e-3
1.798	6.162e-3
1.799	6.183e-3
1.800	6.205e-3
1.801	6.235e-3
1.802	6.257e-3
1.803	6.280e-3
1.804	6.300e-3
1.805	6.341e-3
1.806	6.360e-3
1.807	6.372e-3
1.808	6.402e-3
1.809	6.426e-3
1.810	6.436e-3
1.811	6.477e-3
1.812	6.503e-3
1.813	6.525e-3
1.814	6.555e-3
1.815	6.569e-3
1.816	6.598e-3
1.817	6.621e-3
1.818	6.666e-3
1.819	6.701e-3
1.820	6.736e-3
1.821	6.766e-3
1.822	6.796e-3
1.823	6.828e-3
1.824	6.907e-3
1.825	6.957e-3
1.826	6.972e-3
1.827	6.983e-3
1.828	7.011e-3
1.829	7.042e-3
1.830	7.074e-3
1.831	7.110e-3
1.832	7.155e-3
1.833	7.190e-3
1.834	7.208e-3
1.835	7.236e-3
1.836	7.290e-3
1.837	7.346e-3
1.838	7.397e-3
1.839	7.432e-3
1.840	7.457e-3
1.841	7.515e-3
1.842	7.521e-3
1.843	7.556e-3
1.844	7.604e-3
1.845	7.645e-3
1.846	7.727e-3
1.847	7.753e-3
1.848	7.802e-3
1.849	7.850e-3
1.850	7.904e-3
1.851	7.952e-3
1.852	8.023e-3
1.853	8.036e-3
1.854	8.080e-3
1.855	8.143e-3
1.856	8.217e-3
1.857	8.291e-3
1.858	8.343e-3
1.859	8.364e-3
1.860	8.424e-3
1.861	8.470e-3
1.862	8.540e-3
1.863	8.621e-3
1.864	8.677e-3
1.865	8.756e-3
1.866	8.820e-3
1.867	8.897e-3
1.868	8.988e-3
1.869	9.039e-3
1.870	9.142e-3
1.871	9.222e-3
1.872	9.273e-3
1.873	9.299e-3
1.874	9.338e-3
1.875	9.362e-3
1.876	9.434e-3
1.877	9.502e-3
1.878	9.558e-3
1.879	9.628e-3
1.880	9.709e-3
1.881	9.775e-3
1.882	9.840e-3
1.883	9.943e-3
1.884	9.980e-3
1.885	1.007e-2
1.886	1.017e-2
1.887	1.033e-2
1.888	1.042e-2
1.889	1.042e-2
1.890	1.044e-2
1.891	1.048e-2
1.892	1.056e-2
1.893	1.063e-2
1.894	1.071e-2
1.895	1.082e-2
1.896	1.092e-2
1.897	1.100e-2
1.898	1.105e-2
1.899	1.114e-2
1.900	1.121e-2
1.901	1.129e-2
1.902	1.139e-2
1.903	1.147e-2
1.904	1.159e-2
1.905	1.166e-2
1.906	1.171e-2
1.907	1.179e-2
1.908	1.188e-2
1.909	1.198e-2
1.910	1.206e-2
1.911	1.216e-2
1.912	1.223e-2
1.913	1.230e-2
1.914	1.238e-2
1.915	1.251e-2
1.916	1.262e-2
1.917	1.268e-2
1.918	1.275e-2
1.919	1.279e-2
1.920	1.288e-2
1.921	1.295e-2
1.922	1.304e-2
1.923	1.315e-2
1.924	1.319e-2
1.925	1.327e-2
1.926	1.336e-2
1.927	1.348e-2
1.928	1.358e-2
1.929	1.369e-2
1.930	1.374e-2
1.931	1.382e-2
1.932	1.390e-2
1.933	1.396e-2
1.934	1.404e-2
1.935	1.410e-2
1.936	1.416e-2
1.937	1.423e-2
1.938	1.431e-2
1.939	1.444e-2
1.940	1.450e-2
1.941	1.455e-2
1.942	1.465e-2
1.943	1.477e-2
1.944	1.480e-2
1.945	1.488e-2
1.946	1.494e-2
1.947	1.500e-2
1.948	1.512e-2
1.949	1.522e-2
1.950	1.522e-2
1.951	1.534e-2
1.952	1.542e-2
1.953	1.544e-2
1.954	1.554e-2
1.955	1.566e-2
1.956	1.569e-2
1.957	1.579e-2
1.958	1.585e-2
1.959	1.588e-2
1.960	1.600e-2
1.961	1.607e-2
1.962	1.614e-2
1.963	1.620e-2
1.964	1.624e-2
1.965	1.639e-2
1.966	1.648e-2
1.967	1.660e-2
1.968	1.666e-2
1.969	1.674e-2
1.970	1.678e-2
1.971	1.690e-2
1.972	1.704e-2
1.973	1.714e-2
1.974	1.721e-2
1.975	1.731e-2
1.976	1.742e-2
1.977	1.754e-2
1.978	1.768e-2
1.979	1.774e-2
1.980	1.781e-2
1.981	1.792e-2
1.982	1.811e-2
1.983	1.819e-2
1.984	1.828e-2
1.985	1.842e-2
1.986	1.849e-2
1.987	1.860e-2
1.988	1.882e-2
1.989	1.901e-2
1.990	1.915e-2
1.991	1.929e-2
1.992	1.941e-2
1.993	1.959e-2
1.994	1.973e-2
1.995	1.991e-2
1.996	2.007e-2
1.997	2.028e-2
1.998	2.043e-2
1.999	2.061e-2
2.000	2.077e-2
2.001	2.094e-2
2.002	2.112e-2
2.003	2.135e-2
2.004	2.155e-2
2.005	2.171e-2
2.006	2.195e-2
2.007	2.218e-2
2.008	2.241e-2
2.009	2.266e-2
2.010	2.290e-2
2.011	2.317e-2
2.012	2.336e-2
2.013	2.361e-2
2.014	2.381e-2
2.015	2.403e-2
2.016	2.432e-2
2.017	2.457e-2
2.018	2.485e-2
2.019	2.508e-2
2.020	2.531e-2
2.021	2.557e-2
2.022	2.594e-2
2.023	2.626e-2
2.024	2.659e-2
2.025	2.683e-2
2.026	2.704e-2
2.027	2.730e-2
2.028	2.747e-2
2.029	2.775e-2
2.030	2.798e-2
2.031	2.832e-2
2.032	2.855e-2
2.033	2.877e-2
2.034	2.905e-2
2.035	2.931e-2
2.036	2.955e-2
2.037	2.974e-2
2.038	2.996e-2
2.039	3.018e-2
2.040	3.048e-2
2.041	3.069e-2
2.042	3.089e-2
2.043	3.119e-2
2.044	3.145e-2
2.045	3.177e-2
2.046	3.191e-2
2.047	3.212e-2
2.048	3.238e-2
2.049	3.264e-2
2.050	3.299e-2
2.051	3.332e-2
2.052	3.353e-2
2.053	3.379e-2
2.054	3.396e-2
2.055	3.411e-2
2.056	3.438e-2
2.057	3.465e-2
2.058	3.501e-2
2.059	3.515e-2
2.060	3.532e-2
2.061	3.560e-2
2.062	3.604e-2
2.063	3.628e-2
2.064	3.647e-2
2.065	3.677e-2
2.066	3.703e-2
2.067	3.734e-2
2.068	3.769e-2
2.069	3.788e-2
2.070	3.809e-2
2.071	3.838e-2
2.072	3.862e-2
2.073	3.880e-2
2.074	3.921e-2
2.075	3.943e-2
2.076	3.952e-2
2.077	3.966e-2
2.078	3.998e-2
2.079	4.035e-2
2.080	4.082e-2
2.081	4.095e-2
2.082	4.118e-2
2.083	4.147e-2
2.084	4.187e-2
2.085	4.218e-2
2.086	4.238e-2
2.087	4.264e-2
2.088	4.289e-2
2.089	4.325e-2
2.090	4.359e-2
2.091	4.398e-2
2.092	4.424e-2
2.093	4.460e-2
2.094	4.509e-2
2.095	4.534e-2
2.096	4.552e-2
2.097	4.600e-2
2.098	4.644e-2
2.099	4.665e-2
2.100	4.695e-2
2.101	4.721e-2
2.102	4.756e-2
2.103	4.785e-2
2.104	4.818e-2
2.105	4.857e-2
2.106	4.906e-2
2.107	4.947e-2
2.108	4.986e-2
2.109	5.018e-2
2.110	5.052e-2
2.111	5.104e-2
2.112	5.162e-2
2.113	5.210e-2
2.114	5.261e-2
2.115	5.283e-2
2.116	5.301e-2
2.117	5.366e-2
2.118	5.408e-2
2.119	5.408e-2
2.120	5.428e-2
2.121	5.460e-2
2.122	5.504e-2
2.123	5.546e-2
2.124	5.581e-2
2.125	5.627e-2
2.126	5.675e-2
2.127	5.730e-2
2.128	5.781e-2
2.129	5.813e-2
2.130	5.843e-2
2.131	5.866e-2
2.132	5.906e-2
2.133	5.951e-2
2.134	5.996e-2
2.135	6.042e-2
2.136	6.082e-2
2.137	6.128e-2
2.138	6.184e-2
2.139	6.226e-2
2.140	6.279e-2
2.141	6.332e-2
2.142	6.387e-2
2.143	6.426e-2
2.144	6.462e-2
2.145	6.519e-2
2.146	6.560e-2
2.147	6.605e-2
2.148	6.681e-2
2.149	6.727e-2
2.150	6.788e-2
2.151	6.843e-2
2.152	6.894e-2
2.153	6.957e-2
2.154	6.998e-2
2.155	7.054e-2
2.156	7.105e-2
2.157	7.153e-2
2.158	7.202e-2
2.159	7.252e-2
2.160	7.302e-2
2.161	7.368e-2
2.162	7.435e-2
2.163	7.504e-2
2.164	7.550e-2
2.165	7.611e-2
2.166	7.680e-2
2.167	7.753e-2
2.168	7.833e-2
2.169	7.911e-2
2.170	7.982e-2
2.171	8.026e-2
2.172	8.077e-2
2.173	8.138e-2
2.174	8.211e-2
2.175	8.279e-2
2.176	8.340e-2
2.177	8.389e-2
2.178	8.449e-2
2.179	8.529e-2
2.180	8.617e-2
2.181	8.673e-2
2.182	8.747e-2
2.183	8.799e-2
2.184	8.850e-2
2.185	8.919e-2
2.186	8.985e-2
2.187	9.076e-2
2.188	9.160e-2
2.189	9.229e-2
2.190	9.306e-2
2.191	9.408e-2
2.192	9.493e-2
2.193	9.566e-2
2.194	9.646e-2
2.195	9.722e-2
2.196	9.778e-2
2.197	9.851e-2
2.198	9.947e-2
2.199	1.003e-1
