Results:

Channel 1:

Potential/V	Current/A

1.200	-1.193e-5
1.201	4.457e-5
1.202	7.768e-5
1.203	9.930e-5
1.204	1.146e-4
1.205	1.260e-4
1.206	1.366e-4
1.207	1.462e-4
1.208	1.523e-4
1.209	1.596e-4
1.210	1.668e-4
1.211	1.725e-4
1.212	1.777e-4
1.213	1.821e-4
1.214	1.875e-4
1.215	1.926e-4
1.216	1.968e-4
1.217	2.026e-4
1.218	2.050e-4
1.219	2.093e-4
1.220	2.131e-4
1.221	2.151e-4
1.222	2.194e-4
1.223	2.235e-4
1.224	2.258e-4
1.225	2.288e-4
1.226	2.328e-4
1.227	2.351e-4
1.228	2.382e-4
1.229	2.443e-4
1.230	2.465e-4
1.231	2.481e-4
1.232	2.508e-4
1.233	2.520e-4
1.234	2.543e-4
1.235	2.565e-4
1.236	2.597e-4
1.237	2.611e-4
1.238	2.635e-4
1.239	2.655e-4
1.240	2.677e-4
1.241	2.701e-4
1.242	2.714e-4
1.243	2.741e-4
1.244	2.757e-4
1.245	2.775e-4
1.246	2.790e-4
1.247	2.802e-4
1.248	2.822e-4
1.249	2.837e-4
1.250	2.847e-4
1.251	2.873e-4
1.252	2.884e-4
1.253	2.907e-4
1.254	2.926e-4
1.255	2.943e-4
1.256	2.943e-4
1.257	2.966e-4
1.258	2.980e-4
1.259	2.987e-4
1.260	2.999e-4
1.261	3.025e-4
1.262	3.016e-4
1.263	3.041e-4
1.264	3.056e-4
1.265	3.069e-4
1.266	3.062e-4
1.267	3.100e-4
1.268	3.102e-4
1.269	3.112e-4
1.270	3.118e-4
1.271	3.133e-4
1.272	3.137e-4
1.273	3.140e-4
1.274	3.166e-4
1.275	3.169e-4
1.276	3.170e-4
1.277	3.189e-4
1.278	3.196e-4
1.279	3.199e-4
1.280	3.224e-4
1.281	3.247e-4
1.282	3.246e-4
1.283	3.251e-4
1.284	3.259e-4
1.285	3.264e-4
1.286	3.282e-4
1.287	3.293e-4
1.288	3.292e-4
1.289	3.311e-4
1.290	3.301e-4
1.291	3.307e-4
1.292	3.327e-4
1.293	3.339e-4
1.294	3.347e-4
1.295	3.349e-4
1.296	3.363e-4
1.297	3.369e-4
1.298	3.370e-4
1.299	3.386e-4
1.300	3.395e-4
1.301	3.401e-4
1.302	3.408e-4
1.303	3.409e-4
1.304	3.429e-4
1.305	3.434e-4
1.306	3.454e-4
1.307	3.448e-4
1.308	3.460e-4
1.309	3.462e-4
1.310	3.473e-4
1.311	3.479e-4
1.312	3.489e-4
1.313	3.500e-4
1.314	3.502e-4
1.315	3.508e-4
1.316	3.509e-4
1.317	3.514e-4
1.318	3.544e-4
1.319	3.540e-4
1.320	3.549e-4
1.321	3.559e-4
1.322	3.572e-4
1.323	3.579e-4
1.324	3.586e-4
1.325	3.585e-4
1.326	3.609e-4
1.327	3.618e-4
1.328	3.615e-4
1.329	3.624e-4
1.330	3.636e-4
1.331	3.661e-4
1.332	3.676e-4
1.333	3.674e-4
1.334	3.685e-4
1.335	3.695e-4
1.336	3.704e-4
1.337	3.699e-4
1.338	3.726e-4
1.339	3.733e-4
1.340	3.748e-4
1.341	3.763e-4
1.342	3.754e-4
1.343	3.763e-4
1.344	3.786e-4
1.345	3.803e-4
1.346	3.808e-4
1.347	3.824e-4
1.348	3.830e-4
1.349	3.840e-4
1.350	3.855e-4
1.351	3.870e-4
1.352	3.875e-4
1.353	3.887e-4
1.354	3.905e-4
1.355	3.915e-4
1.356	3.927e-4
1.357	3.954e-4
1.358	3.966e-4
1.359	3.985e-4
1.360	4.001e-4
1.361	4.011e-4
1.362	4.024e-4
1.363	4.052e-4
1.364	4.058e-4
1.365	4.081e-4
1.366	4.096e-4
1.367	4.114e-4
1.368	4.125e-4
1.369	4.136e-4
1.370	4.163e-4
1.371	4.170e-4
1.372	4.201e-4
1.373	4.213e-4
1.374	4.233e-4
1.375	4.253e-4
1.376	4.274e-4
1.377	4.300e-4
1.378	4.304e-4
1.379	4.337e-4
1.380	4.350e-4
1.381	4.365e-4
1.382	4.390e-4
1.383	4.429e-4
1.384	4.443e-4
1.385	4.465e-4
1.386	4.486e-4
1.387	4.503e-4
1.388	4.526e-4
1.389	4.554e-4
1.390	4.581e-4
1.391	4.600e-4
1.392	4.626e-4
1.393	4.649e-4
1.394	4.680e-4
1.395	4.716e-4
1.396	4.742e-4
1.397	4.763e-4
1.398	4.781e-4
1.399	4.812e-4
1.400	4.832e-4
1.401	4.869e-4
1.402	4.905e-4
1.403	4.929e-4
1.404	4.965e-4
1.405	5.000e-4
1.406	5.032e-4
1.407	5.066e-4
1.408	5.123e-4
1.409	5.169e-4
1.410	5.200e-4
1.411	5.241e-4
1.412	5.285e-4
1.413	5.308e-4
1.414	5.378e-4
1.415	5.420e-4
1.416	5.458e-4
1.417	5.517e-4
1.418	5.571e-4
1.419	5.634e-4
1.420	5.683e-4
1.421	5.754e-4
1.422	5.818e-4
1.423	5.875e-4
1.424	5.944e-4
1.425	6.020e-4
1.426	6.086e-4
1.427	6.166e-4
1.428	6.264e-4
1.429	6.341e-4
1.430	6.423e-4
1.431	6.517e-4
1.432	6.614e-4
1.433	6.724e-4
1.434	6.844e-4
1.435	6.950e-4
1.436	7.058e-4
1.437	7.181e-4
1.438	7.300e-4
1.439	7.436e-4
1.440	7.584e-4
1.441	7.726e-4
1.442	7.865e-4
1.443	8.018e-4
1.444	8.189e-4
1.445	8.350e-4
1.446	8.513e-4
1.447	8.707e-4
1.448	8.887e-4
1.449	9.062e-4
1.450	9.259e-4
1.451	9.462e-4
1.452	9.662e-4
1.453	9.896e-4
1.454	1.011e-3
1.455	1.034e-3
1.456	1.056e-3
1.457	1.081e-3
1.458	1.107e-3
1.459	1.133e-3
1.460	1.161e-3
1.461	1.188e-3
1.462	1.215e-3
1.463	1.244e-3
1.464	1.273e-3
1.465	1.303e-3
1.466	1.335e-3
1.467	1.367e-3
1.468	1.400e-3
1.469	1.433e-3
1.470	1.467e-3
1.471	1.502e-3
1.472	1.538e-3
1.473	1.574e-3
1.474	1.612e-3
1.475	1.650e-3
1.476	1.687e-3
1.477	1.725e-3
1.478	1.765e-3
1.479	1.805e-3
1.480	1.845e-3
1.481	1.887e-3
1.482	1.932e-3
1.483	1.977e-3
1.484	2.022e-3
1.485	2.069e-3
1.486	2.115e-3
1.487	2.162e-3
1.488	2.209e-3
1.489	2.258e-3
1.490	2.304e-3
1.491	2.352e-3
1.492	2.405e-3
1.493	2.457e-3
1.494	2.507e-3
1.495	2.559e-3
1.496	2.611e-3
1.497	2.666e-3
1.498	2.721e-3
1.499	2.773e-3
1.500	2.828e-3
1.501	2.883e-3
1.502	2.938e-3
1.503	2.991e-3
1.504	3.051e-3
1.505	3.108e-3
1.506	3.166e-3
1.507	3.225e-3
1.508	3.285e-3
1.509	3.348e-3
1.510	3.409e-3
1.511	3.468e-3
1.512	3.526e-3
1.513	3.586e-3
1.514	3.651e-3
1.515	3.715e-3
1.516	3.774e-3
1.517	3.836e-3
1.518	3.901e-3
1.519	3.968e-3
1.520	4.031e-3
1.521	4.092e-3
1.522	4.161e-3
1.523	4.233e-3
1.524	4.303e-3
1.525	4.364e-3
1.526	4.430e-3
1.527	4.498e-3
1.528	4.570e-3
1.529	4.641e-3
1.530	4.711e-3
1.531	4.782e-3
1.532	4.853e-3
1.533	4.915e-3
1.534	4.987e-3
1.535	5.061e-3
1.536	5.132e-3
1.537	5.204e-3
1.538	5.280e-3
1.539	5.351e-3
1.540	5.428e-3
1.541	5.498e-3
1.542	5.570e-3
1.543	5.642e-3
1.544	5.713e-3
1.545	5.791e-3
1.546	5.857e-3
1.547	5.933e-3
1.548	6.014e-3
1.549	6.085e-3
1.550	6.165e-3
1.551	6.246e-3
1.552	6.316e-3
1.553	6.389e-3
1.554	6.471e-3
1.555	6.547e-3
1.556	6.624e-3
1.557	6.709e-3
1.558	6.786e-3
1.559	6.872e-3
1.560	6.961e-3
1.561	7.027e-3
1.562	7.113e-3
1.563	7.197e-3
1.564	7.270e-3
1.565	7.352e-3
1.566	7.435e-3
1.567	7.515e-3
1.568	7.600e-3
1.569	7.676e-3
1.570	7.754e-3
1.571	7.840e-3
1.572	7.928e-3
1.573	8.004e-3
1.574	8.083e-3
1.575	8.166e-3
1.576	8.259e-3
1.577	8.331e-3
1.578	8.417e-3
1.579	8.504e-3
1.580	8.588e-3
1.581	8.670e-3
1.582	8.750e-3
1.583	8.842e-3
1.584	8.934e-3
1.585	9.012e-3
1.586	9.095e-3
1.587	9.183e-3
1.588	9.270e-3
1.589	9.359e-3
1.590	9.451e-3
1.591	9.542e-3
1.592	9.614e-3
1.593	9.702e-3
1.594	9.782e-3
1.595	9.881e-3
1.596	9.968e-3
1.597	1.006e-2
1.598	1.014e-2
1.599	1.023e-2
1.600	1.033e-2
1.601	1.042e-2
1.602	1.052e-2
1.603	1.061e-2
1.604	1.070e-2
1.605	1.078e-2
1.606	1.087e-2
1.607	1.097e-2
1.608	1.106e-2
1.609	1.114e-2
1.610	1.125e-2
1.611	1.134e-2
1.612	1.143e-2
1.613	1.153e-2
1.614	1.163e-2
1.615	1.172e-2
1.616	1.183e-2
1.617	1.192e-2
1.618	1.202e-2
1.619	1.211e-2
1.620	1.221e-2
1.621	1.231e-2
1.622	1.241e-2
1.623	1.250e-2
1.624	1.260e-2
1.625	1.269e-2
1.626	1.279e-2
1.627	1.287e-2
1.628	1.298e-2
1.629	1.307e-2
1.630	1.318e-2
1.631	1.328e-2
1.632	1.339e-2
1.633	1.347e-2
1.634	1.357e-2
1.635	1.368e-2
1.636	1.379e-2
1.637	1.389e-2
1.638	1.400e-2
1.639	1.410e-2
1.640	1.420e-2
1.641	1.429e-2
1.642	1.441e-2
1.643	1.451e-2
1.644	1.461e-2
1.645	1.471e-2
1.646	1.483e-2
1.647	1.494e-2
1.648	1.504e-2
1.649	1.514e-2
1.650	1.524e-2
1.651	1.536e-2
1.652	1.547e-2
1.653	1.558e-2
1.654	1.569e-2
1.655	1.581e-2
1.656	1.591e-2
1.657	1.602e-2
1.658	1.612e-2
1.659	1.622e-2
1.660	1.632e-2
1.661	1.644e-2
1.662	1.656e-2
1.663	1.668e-2
1.664	1.678e-2
1.665	1.689e-2
1.666	1.699e-2
1.667	1.711e-2
1.668	1.721e-2
1.669	1.732e-2
1.670	1.744e-2
1.671	1.756e-2
1.672	1.766e-2
1.673	1.778e-2
1.674	1.789e-2
1.675	1.801e-2
1.676	1.813e-2
1.677	1.823e-2
1.678	1.836e-2
1.679	1.846e-2
1.680	1.857e-2
1.681	1.869e-2
1.682	1.882e-2
1.683	1.892e-2
1.684	1.906e-2
1.685	1.916e-2
1.686	1.927e-2
1.687	1.939e-2
1.688	1.949e-2
1.689	1.961e-2
1.690	1.972e-2
1.691	1.982e-2
1.692	1.992e-2
1.693	2.006e-2
1.694	2.019e-2
1.695	2.031e-2
1.696	2.043e-2
1.697	2.054e-2
1.698	2.064e-2
1.699	2.076e-2
1.700	2.089e-2
1.701	2.102e-2
1.702	2.112e-2
1.703	2.123e-2
1.704	2.136e-2
1.705	2.147e-2
1.706	2.161e-2
1.707	2.174e-2
1.708	2.184e-2
1.709	2.196e-2
1.710	2.206e-2
1.711	2.219e-2
1.712	2.232e-2
1.713	2.244e-2
1.714	2.256e-2
1.715	2.267e-2
1.716	2.278e-2
1.717	2.289e-2
1.718	2.300e-2
1.719	2.314e-2
1.720	2.326e-2
1.721	2.335e-2
1.722	2.350e-2
1.723	2.364e-2
1.724	2.375e-2
1.725	2.386e-2
1.726	2.396e-2
1.727	2.407e-2
1.728	2.421e-2
1.729	2.434e-2
1.730	2.446e-2
1.731	2.460e-2
1.732	2.474e-2
1.733	2.486e-2
1.734	2.498e-2
1.735	2.511e-2
1.736	2.525e-2
1.737	2.537e-2
1.738	2.548e-2
1.739	2.560e-2
1.740	2.573e-2
1.741	2.586e-2
1.742	2.600e-2
1.743	2.610e-2
1.744	2.620e-2
1.745	2.633e-2
1.746	2.647e-2
1.747	2.659e-2
1.748	2.671e-2
1.749	2.684e-2
1.750	2.697e-2
1.751	2.710e-2
1.752	2.722e-2
1.753	2.735e-2
1.754	2.747e-2
1.755	2.758e-2
1.756	2.773e-2
1.757	2.787e-2
1.758	2.799e-2
1.759	2.811e-2
1.760	2.825e-2
1.761	2.839e-2
1.762	2.850e-2
1.763	2.861e-2
1.764	2.870e-2
1.765	2.881e-2
1.766	2.894e-2
1.767	2.907e-2
1.768	2.921e-2
1.769	2.935e-2
1.770	2.947e-2
1.771	2.957e-2
1.772	2.967e-2
1.773	2.981e-2
1.774	2.995e-2
1.775	3.009e-2
1.776	3.021e-2
1.777	3.033e-2
1.778	3.046e-2
1.779	3.061e-2
1.780	3.076e-2
1.781	3.090e-2
1.782	3.103e-2
1.783	3.116e-2
1.784	3.129e-2
1.785	3.140e-2
1.786	3.153e-2
1.787	3.166e-2
1.788	3.177e-2
1.789	3.190e-2
1.790	3.203e-2
1.791	3.218e-2
1.792	3.231e-2
1.793	3.243e-2
1.794	3.253e-2
1.795	3.264e-2
1.796	3.276e-2
1.797	3.290e-2
1.798	3.304e-2
1.799	3.315e-2
1.800	3.331e-2
1.801	3.344e-2
1.802	3.354e-2
1.803	3.366e-2
1.804	3.379e-2
1.805	3.395e-2
1.806	3.409e-2
1.807	3.421e-2
1.808	3.435e-2
1.809	3.447e-2
1.810	3.460e-2
1.811	3.473e-2
1.812	3.482e-2
1.813	3.495e-2
1.814	3.510e-2
1.815	3.522e-2
1.816	3.535e-2
1.817	3.548e-2
1.818	3.565e-2
1.819	3.579e-2
1.820	3.589e-2
1.821	3.600e-2
1.822	3.614e-2
1.823	3.628e-2
1.824	3.641e-2
1.825	3.656e-2
1.826	3.668e-2
1.827	3.678e-2
1.828	3.689e-2
1.829	3.703e-2
1.830	3.717e-2
1.831	3.730e-2
1.832	3.746e-2
1.833	3.760e-2
1.834	3.773e-2
1.835	3.787e-2
1.836	3.799e-2
1.837	3.813e-2
1.838	3.823e-2
1.839	3.837e-2
1.840	3.847e-2
1.841	3.859e-2
1.842	3.875e-2
1.843	3.888e-2
1.844	3.903e-2
1.845	3.915e-2
1.846	3.926e-2
1.847	3.941e-2
1.848	3.952e-2
1.849	3.967e-2
1.850	3.983e-2
1.851	3.996e-2
1.852	4.011e-2
1.853	4.024e-2
1.854	4.035e-2
1.855	4.047e-2
1.856	4.064e-2
1.857	4.077e-2
1.858	4.090e-2
1.859	4.100e-2
1.860	4.113e-2
1.861	4.129e-2
1.862	4.143e-2
1.863	4.157e-2
1.864	4.167e-2
1.865	4.182e-2
1.866	4.195e-2
1.867	4.209e-2
1.868	4.222e-2
1.869	4.235e-2
1.870	4.248e-2
1.871	4.263e-2
1.872	4.279e-2
1.873	4.287e-2
1.874	4.300e-2
1.875	4.319e-2
1.876	4.332e-2
1.877	4.341e-2
1.878	4.358e-2
1.879	4.371e-2
1.880	4.384e-2
1.881	4.395e-2
1.882	4.410e-2
1.883	4.425e-2
1.884	4.441e-2
1.885	4.456e-2
1.886	4.468e-2
1.887	4.483e-2
1.888	4.496e-2
1.889	4.509e-2
1.890	4.520e-2
1.891	4.535e-2
1.892	4.550e-2
1.893	4.563e-2
1.894	4.576e-2
1.895	4.588e-2
1.896	4.605e-2
1.897	4.618e-2
1.898	4.630e-2
1.899	4.643e-2
