Results:

Channel 1:
Potential/V	Current/A

2.200	5.740e-2
2.199	5.703e-2
2.198	5.663e-2
2.197	5.624e-2
2.196	5.588e-2
2.195	5.554e-2
2.194	5.518e-2
2.193	5.481e-2
2.192	5.444e-2
2.191	5.409e-2
2.190	5.375e-2
2.189	5.340e-2
2.188	5.306e-2
2.187	5.274e-2
2.186	5.241e-2
2.185	5.207e-2
2.184	5.175e-2
2.183	5.142e-2
2.182	5.106e-2
2.181	5.074e-2
2.180	5.041e-2
2.179	5.008e-2
2.178	4.976e-2
2.177	4.943e-2
2.176	4.910e-2
2.175	4.878e-2
2.174	4.848e-2
2.173	4.817e-2
2.172	4.786e-2
2.171	4.755e-2
2.170	4.724e-2
2.169	4.692e-2
2.168	4.660e-2
2.167	4.634e-2
2.166	4.606e-2
2.165	4.577e-2
2.164	4.548e-2
2.163	4.519e-2
2.162	4.490e-2
2.161	4.464e-2
2.160	4.436e-2
2.159	4.406e-2
2.158	4.378e-2
2.157	4.349e-2
2.156	4.321e-2
2.155	4.294e-2
2.154	4.266e-2
2.153	4.237e-2
2.152	4.209e-2
2.151	4.181e-2
2.150	4.152e-2
2.149	4.123e-2
2.148	4.094e-2
2.147	4.065e-2
2.146	4.036e-2
2.145	4.010e-2
2.144	3.982e-2
2.143	3.955e-2
2.142	3.927e-2
2.141	3.898e-2
2.140	3.870e-2
2.139	3.843e-2
2.138	3.816e-2
2.137	3.789e-2
2.136	3.763e-2
2.135	3.738e-2
2.134	3.713e-2
2.133	3.689e-2
2.132	3.662e-2
2.131	3.636e-2
2.130	3.609e-2
2.129	3.583e-2
2.128	3.558e-2
2.127	3.533e-2
2.126	3.508e-2
2.125	3.484e-2
2.124	3.459e-2
2.123	3.435e-2
2.122	3.410e-2
2.121	3.384e-2
2.120	3.358e-2
2.119	3.333e-2
2.118	3.309e-2
2.117	3.286e-2
2.116	3.263e-2
2.115	3.239e-2
2.114	3.214e-2
2.113	3.191e-2
2.112	3.168e-2
2.111	3.144e-2
2.110	3.121e-2
2.109	3.097e-2
2.108	3.074e-2
2.107	3.051e-2
2.106	3.029e-2
2.105	3.006e-2
2.104	2.983e-2
2.103	2.961e-2
2.102	2.938e-2
2.101	2.916e-2
2.100	2.895e-2
2.099	2.873e-2
2.098	2.853e-2
2.097	2.833e-2
2.096	2.811e-2
2.095	2.789e-2
2.094	2.767e-2
2.093	2.745e-2
2.092	2.723e-2
2.091	2.701e-2
2.090	2.681e-2
2.089	2.661e-2
2.088	2.642e-2
2.087	2.622e-2
2.086	2.601e-2
2.085	2.581e-2
2.084	2.561e-2
2.083	2.543e-2
2.082	2.523e-2
2.081	2.503e-2
2.080	2.484e-2
2.079	2.464e-2
2.078	2.445e-2
2.077	2.425e-2
2.076	2.406e-2
2.075	2.387e-2
2.074	2.367e-2
2.073	2.347e-2
2.072	2.328e-2
2.071	2.309e-2
2.070	2.291e-2
2.069	2.272e-2
2.068	2.254e-2
2.067	2.235e-2
2.066	2.217e-2
2.065	2.198e-2
2.064	2.180e-2
2.063	2.162e-2
2.062	2.145e-2
2.061	2.128e-2
2.060	2.111e-2
2.059	2.094e-2
2.058	2.076e-2
2.057	2.058e-2
2.056	2.042e-2
2.055	2.024e-2
2.054	2.007e-2
2.053	1.990e-2
2.052	1.973e-2
2.051	1.958e-2
2.050	1.942e-2
2.049	1.927e-2
2.048	1.911e-2
2.047	1.894e-2
2.046	1.879e-2
2.045	1.864e-2
2.044	1.849e-2
2.043	1.833e-2
2.042	1.817e-2
2.041	1.801e-2
2.040	1.785e-2
2.039	1.769e-2
2.038	1.754e-2
2.037	1.739e-2
2.036	1.725e-2
2.035	1.710e-2
2.034	1.695e-2
2.033	1.681e-2
2.032	1.666e-2
2.031	1.651e-2
2.030	1.637e-2
2.029	1.622e-2
2.028	1.608e-2
2.027	1.595e-2
2.026	1.581e-2
2.025	1.567e-2
2.024	1.553e-2
2.023	1.540e-2
2.022	1.526e-2
2.021	1.513e-2
2.020	1.499e-2
2.019	1.486e-2
2.018	1.473e-2
2.017	1.460e-2
2.016	1.447e-2
2.015	1.434e-2
2.014	1.421e-2
2.013	1.409e-2
2.012	1.397e-2
2.011	1.385e-2
2.010	1.373e-2
2.009	1.361e-2
2.008	1.349e-2
2.007	1.337e-2
2.006	1.325e-2
2.005	1.314e-2
2.004	1.302e-2
2.003	1.292e-2
2.002	1.280e-2
2.001	1.268e-2
2.000	1.257e-2
1.999	1.246e-2
1.998	1.234e-2
1.997	1.223e-2
1.996	1.211e-2
1.995	1.201e-2
1.994	1.190e-2
1.993	1.179e-2
1.992	1.169e-2
1.991	1.159e-2
1.990	1.148e-2
1.989	1.137e-2
1.988	1.128e-2
1.987	1.117e-2
1.986	1.108e-2
1.985	1.098e-2
1.984	1.089e-2
1.983	1.079e-2
1.982	1.069e-2
1.981	1.059e-2
1.980	1.050e-2
1.979	1.040e-2
1.978	1.030e-2
1.977	1.020e-2
1.976	1.011e-2
1.975	1.002e-2
1.974	9.931e-3
1.973	9.844e-3
1.972	9.763e-3
1.971	9.714e-3
1.970	9.637e-3
1.969	9.554e-3
1.968	9.465e-3
1.967	9.382e-3
1.966	9.297e-3
1.965	9.206e-3
1.964	9.120e-3
1.963	9.038e-3
1.962	8.951e-3
1.961	8.870e-3
1.960	8.790e-3
1.959	8.724e-3
1.958	8.648e-3
1.957	8.568e-3
1.956	8.491e-3
1.955	8.411e-3
1.954	8.332e-3
1.953	8.252e-3
1.952	8.172e-3
1.951	8.097e-3
1.950	8.024e-3
1.949	7.942e-3
1.948	7.861e-3
1.947	7.788e-3
1.946	7.711e-3
1.945	7.636e-3
1.944	7.564e-3
1.943	7.488e-3
1.942	7.413e-3
1.941	7.339e-3
1.940	7.268e-3
1.939	7.194e-3
1.938	7.123e-3
1.937	7.062e-3
1.936	6.994e-3
1.935	6.923e-3
1.934	6.852e-3
1.933	6.787e-3
1.932	6.720e-3
1.931	6.649e-3
1.930	6.578e-3
1.929	6.513e-3
1.928	6.448e-3
1.927	6.386e-3
1.926	6.318e-3
1.925	6.253e-3
1.924	6.188e-3
1.923	6.122e-3
1.922	6.057e-3
1.921	5.996e-3
1.920	5.931e-3
1.919	5.878e-3
1.918	5.825e-3
1.917	5.759e-3
1.916	5.698e-3
1.915	5.637e-3
1.914	5.578e-3
1.913	5.519e-3
1.912	5.459e-3
1.911	5.403e-3
1.910	5.343e-3
1.909	5.285e-3
1.908	5.232e-3
1.907	5.177e-3
1.906	5.123e-3
1.905	5.067e-3
1.904	5.012e-3
1.903	4.957e-3
1.902	4.908e-3
1.901	4.855e-3
1.900	4.802e-3
1.899	4.751e-3
1.898	4.699e-3
1.897	4.649e-3
1.896	4.597e-3
1.895	4.545e-3
1.894	4.491e-3
1.893	4.441e-3
1.892	4.393e-3
1.891	4.345e-3
1.890	4.297e-3
1.889	4.253e-3
1.888	4.205e-3
1.887	4.158e-3
1.886	4.112e-3
1.885	4.067e-3
1.884	4.023e-3
1.883	3.982e-3
1.882	3.939e-3
1.881	3.896e-3
1.880	3.855e-3
1.879	3.814e-3
1.878	3.773e-3
1.877	3.733e-3
1.876	3.694e-3
1.875	3.655e-3
1.874	3.616e-3
1.873	3.580e-3
1.872	3.544e-3
1.871	3.509e-3
1.870	3.474e-3
1.869	3.435e-3
1.868	3.397e-3
1.867	3.361e-3
1.866	3.325e-3
1.865	3.291e-3
1.864	3.258e-3
1.863	3.224e-3
1.862	3.188e-3
1.861	3.153e-3
1.860	3.120e-3
1.859	3.088e-3
1.858	3.054e-3
1.857	3.027e-3
1.856	2.993e-3
1.855	2.962e-3
1.854	2.932e-3
1.853	2.899e-3
1.852	2.869e-3
1.851	2.842e-3
1.850	2.811e-3
1.849	2.781e-3
1.848	2.753e-3
1.847	2.727e-3
1.846	2.702e-3
1.845	2.673e-3
1.844	2.648e-3
1.843	2.617e-3
1.842	2.590e-3
1.841	2.566e-3
1.840	2.540e-3
1.839	2.515e-3
1.838	2.492e-3
1.837	2.464e-3
1.836	2.439e-3
1.835	2.413e-3
1.834	2.390e-3
1.833	2.367e-3
1.832	2.343e-3
1.831	2.321e-3
1.830	2.294e-3
1.829	2.270e-3
1.828	2.247e-3
1.827	2.223e-3
1.826	2.200e-3
1.825	2.182e-3
1.824	2.161e-3
1.823	2.138e-3
1.822	2.116e-3
1.821	2.091e-3
1.820	2.070e-3
1.819	2.051e-3
1.818	2.026e-3
1.817	2.004e-3
1.816	1.984e-3
1.815	1.963e-3
1.814	1.941e-3
1.813	1.923e-3
1.812	1.902e-3
1.811	1.881e-3
1.810	1.861e-3
1.809	1.844e-3
1.808	1.824e-3
1.807	1.803e-3
1.806	1.784e-3
1.805	1.764e-3
1.804	1.743e-3
1.803	1.725e-3
1.802	1.705e-3
1.801	1.688e-3
1.800	1.671e-3
1.799	1.654e-3
1.798	1.635e-3
1.797	1.617e-3
1.796	1.597e-3
1.795	1.579e-3
1.794	1.560e-3
1.793	1.545e-3
1.792	1.524e-3
1.791	1.505e-3
1.790	1.490e-3
1.789	1.471e-3
1.788	1.455e-3
1.787	1.441e-3
1.786	1.422e-3
1.785	1.404e-3
1.784	1.385e-3
1.783	1.369e-3
1.782	1.353e-3
1.781	1.336e-3
1.780	1.320e-3
1.779	1.301e-3
1.778	1.284e-3
1.777	1.271e-3
1.776	1.254e-3
1.775	1.239e-3
1.774	1.225e-3
1.773	1.209e-3
1.772	1.193e-3
1.771	1.179e-3
1.770	1.164e-3
1.769	1.152e-3
1.768	1.137e-3
1.767	1.122e-3
1.766	1.107e-3
1.765	1.091e-3
1.764	1.079e-3
1.763	1.063e-3
1.762	1.047e-3
1.761	1.034e-3
1.760	1.019e-3
1.759	1.005e-3
1.758	9.941e-4
1.757	9.789e-4
1.756	9.658e-4
1.755	9.535e-4
1.754	9.424e-4
1.753	9.266e-4
1.752	9.136e-4
1.751	9.014e-4
1.750	8.903e-4
1.749	8.784e-4
1.748	8.663e-4
1.747	8.521e-4
1.746	8.397e-4
1.745	8.293e-4
1.744	8.189e-4
1.743	8.065e-4
1.742	7.951e-4
1.741	7.801e-4
1.740	7.639e-4
1.739	7.541e-4
1.738	7.438e-4
1.737	7.306e-4
1.736	7.202e-4
1.735	7.115e-4
1.734	6.995e-4
1.733	6.867e-4
1.732	6.780e-4
1.731	6.659e-4
1.730	6.544e-4
1.729	6.435e-4
1.728	6.307e-4
1.727	6.183e-4
1.726	6.087e-4
1.725	5.986e-4
1.724	5.877e-4
1.723	5.764e-4
1.722	5.628e-4
1.721	5.514e-4
1.720	5.409e-4
1.719	5.338e-4
1.718	5.257e-4
1.717	5.162e-4
1.716	5.076e-4
1.715	4.931e-4
1.714	4.797e-4
1.713	4.698e-4
1.712	4.578e-4
1.711	4.460e-4
1.710	4.372e-4
1.709	4.242e-4
1.708	4.125e-4
1.707	4.033e-4
1.706	3.928e-4
1.705	3.833e-4
1.704	3.730e-4
1.703	3.617e-4
1.702	3.511e-4
1.701	3.380e-4
1.700	3.308e-4
1.699	3.198e-4
1.698	3.088e-4
1.697	2.997e-4
1.696	2.882e-4
1.695	2.766e-4
1.694	2.687e-4
1.693	2.577e-4
1.692	2.479e-4
1.691	2.390e-4
1.690	2.266e-4
1.689	2.158e-4
1.688	2.063e-4
1.687	1.966e-4
1.686	1.878e-4
1.685	1.781e-4
1.684	1.685e-4
1.683	1.579e-4
1.682	1.469e-4
1.681	1.381e-4
1.680	1.290e-4
1.679	1.184e-4
1.678	1.092e-4
1.677	9.753e-5
1.676	8.722e-5
1.675	7.651e-5
1.674	6.688e-5
1.673	5.774e-5
1.672	4.830e-5
1.671	4.005e-5
1.670	2.905e-5
1.669	1.942e-5
1.668	1.067e-5
1.667	-1.513e-6
1.666	-1.183e-5
1.665	-2.038e-5
1.664	-3.374e-5
1.663	-4.386e-5
1.662	-5.172e-5
1.661	-6.185e-5
1.660	-7.059e-5
1.659	-8.071e-5
1.658	-9.103e-5
1.657	-1.026e-4
1.656	-1.130e-4
1.655	-1.252e-4
1.654	-1.341e-4
1.653	-1.446e-4
1.652	-1.522e-4
1.651	-1.645e-4
1.650	-1.717e-4
1.649	-1.787e-4
1.648	-1.866e-4
1.647	-1.938e-4
1.646	-1.989e-4
1.645	-2.130e-4
1.644	-2.302e-4
1.643	-2.430e-4
1.642	-2.555e-4
1.641	-2.676e-4
1.640	-2.791e-4
1.639	-2.901e-4
1.638	-3.120e-4
1.637	-3.230e-4
1.636	-3.315e-4
1.635	-3.427e-4
1.634	-3.543e-4
1.633	-3.620e-4
1.632	-3.744e-4
1.631	-3.852e-4
1.630	-3.944e-4
1.629	-4.061e-4
1.628	-4.153e-4
1.627	-4.248e-4
1.626	-4.365e-4
1.625	-4.503e-4
1.624	-4.594e-4
1.623	-4.688e-4
1.622	-4.804e-4
1.621	-4.905e-4
1.620	-5.002e-4
1.619	-5.120e-4
1.618	-5.239e-4
1.617	-5.334e-4
1.616	-5.462e-4
1.615	-5.592e-4
1.614	-5.689e-4
1.613	-5.820e-4
1.612	-5.963e-4
1.611	-6.052e-4
1.610	-6.171e-4
1.609	-6.294e-4
1.608	-6.397e-4
1.607	-6.519e-4
1.606	-6.647e-4
1.605	-6.742e-4
1.604	-6.857e-4
1.603	-6.982e-4
1.602	-7.111e-4
1.601	-7.211e-4
1.600	-7.341e-4
1.599	-7.478e-4
1.598	-7.585e-4
1.597	-7.719e-4
1.596	-7.843e-4
1.595	-7.953e-4
1.594	-8.087e-4
1.593	-8.216e-4
1.592	-8.350e-4
1.591	-8.473e-4
1.590	-8.583e-4
1.589	-8.716e-4
1.588	-8.830e-4
1.587	-8.966e-4
1.586	-9.107e-4
1.585	-9.209e-4
1.584	-9.322e-4
1.583	-9.445e-4
1.582	-9.560e-4
1.581	-9.701e-4
1.580	-9.841e-4
1.579	-9.948e-4
1.578	-1.008e-3
1.577	-1.020e-3
1.576	-1.033e-3
1.575	-1.045e-3
1.574	-1.061e-3
1.573	-1.075e-3
1.572	-1.086e-3
1.571	-1.098e-3
1.570	-1.112e-3
1.569	-1.124e-3
1.568	-1.140e-3
1.567	-1.153e-3
1.566	-1.164e-3
1.565	-1.177e-3
1.564	-1.190e-3
1.563	-1.203e-3
1.562	-1.215e-3
1.561	-1.228e-3
1.560	-1.240e-3
1.559	-1.252e-3
1.558	-1.266e-3
1.557	-1.278e-3
1.556	-1.289e-3
1.555	-1.303e-3
1.554	-1.317e-3
1.553	-1.328e-3
1.552	-1.343e-3
1.551	-1.358e-3
1.550	-1.368e-3
1.549	-1.384e-3
1.548	-1.399e-3
1.547	-1.408e-3
1.546	-1.423e-3
1.545	-1.434e-3
1.544	-1.445e-3
1.543	-1.458e-3
1.542	-1.471e-3
1.541	-1.483e-3
1.540	-1.491e-3
1.539	-1.504e-3
1.538	-1.516e-3
1.537	-1.527e-3
1.536	-1.543e-3
1.535	-1.559e-3
1.534	-1.566e-3
1.533	-1.578e-3
1.532	-1.589e-3
1.531	-1.599e-3
1.530	-1.610e-3
1.529	-1.622e-3
1.528	-1.632e-3
1.527	-1.641e-3
1.526	-1.649e-3
1.525	-1.660e-3
1.524	-1.666e-3
1.523	-1.677e-3
1.522	-1.687e-3
1.521	-1.694e-3
1.520	-1.704e-3
1.519	-1.712e-3
1.518	-1.717e-3
1.517	-1.726e-3
1.516	-1.734e-3
1.515	-1.738e-3
1.514	-1.746e-3
1.513	-1.752e-3
1.512	-1.758e-3
1.511	-1.763e-3
1.510	-1.770e-3
1.509	-1.775e-3
1.508	-1.781e-3
1.507	-1.786e-3
1.506	-1.790e-3
1.505	-1.794e-3
1.504	-1.799e-3
1.503	-1.805e-3
1.502	-1.805e-3
1.501	-1.810e-3
1.500	-1.813e-3
1.499	-1.814e-3
1.498	-1.819e-3
1.497	-1.821e-3
1.496	-1.824e-3
1.495	-1.824e-3
1.494	-1.827e-3
1.493	-1.827e-3
1.492	-1.829e-3
1.491	-1.831e-3
1.490	-1.832e-3
1.489	-1.830e-3
1.488	-1.832e-3
1.487	-1.832e-3
1.486	-1.829e-3
1.485	-1.832e-3
1.484	-1.833e-3
1.483	-1.832e-3
1.482	-1.830e-3
1.481	-1.829e-3
1.480	-1.828e-3
1.479	-1.826e-3
1.478	-1.825e-3
1.477	-1.824e-3
1.476	-1.821e-3
1.475	-1.820e-3
1.474	-1.819e-3
1.473	-1.815e-3
1.472	-1.815e-3
1.471	-1.815e-3
1.470	-1.811e-3
1.469	-1.810e-3
1.468	-1.806e-3
1.467	-1.804e-3
1.466	-1.802e-3
1.465	-1.800e-3
1.464	-1.798e-3
1.463	-1.794e-3
1.462	-1.792e-3
1.461	-1.790e-3
1.460	-1.787e-3
1.459	-1.787e-3
1.458	-1.785e-3
1.457	-1.781e-3
1.456	-1.781e-3
1.455	-1.778e-3
1.454	-1.773e-3
1.453	-1.773e-3
1.452	-1.771e-3
1.451	-1.768e-3
1.450	-1.767e-3
1.449	-1.763e-3
1.448	-1.762e-3
1.447	-1.760e-3
1.446	-1.759e-3
1.445	-1.758e-3
1.444	-1.755e-3
1.443	-1.754e-3
1.442	-1.750e-3
1.441	-1.747e-3
1.440	-1.746e-3
1.439	-1.746e-3
1.438	-1.743e-3
1.437	-1.742e-3
1.436	-1.739e-3
1.435	-1.736e-3
1.434	-1.737e-3
1.433	-1.738e-3
1.432	-1.736e-3
1.431	-1.733e-3
1.430	-1.732e-3
1.429	-1.730e-3
1.428	-1.728e-3
1.427	-1.729e-3
1.426	-1.726e-3
1.425	-1.723e-3
1.424	-1.723e-3
1.423	-1.722e-3
1.422	-1.719e-3
1.421	-1.718e-3
1.420	-1.717e-3
1.419	-1.717e-3
1.418	-1.715e-3
1.417	-1.714e-3
1.416	-1.712e-3
1.415	-1.710e-3
1.414	-1.709e-3
1.413	-1.709e-3
1.412	-1.707e-3
1.411	-1.707e-3
1.410	-1.705e-3
1.409	-1.704e-3
1.408	-1.706e-3
1.407	-1.705e-3
1.406	-1.702e-3
1.405	-1.702e-3
1.404	-1.701e-3
1.403	-1.699e-3
1.402	-1.699e-3
1.401	-1.699e-3
1.400	-1.698e-3
1.399	-1.698e-3
1.398	-1.697e-3
1.397	-1.696e-3
1.396	-1.695e-3
1.395	-1.697e-3
1.394	-1.696e-3
1.393	-1.697e-3
1.392	-1.696e-3
1.391	-1.695e-3
1.390	-1.692e-3
1.389	-1.695e-3
1.388	-1.695e-3
1.387	-1.694e-3
1.386	-1.694e-3
1.385	-1.692e-3
1.384	-1.694e-3
1.383	-1.695e-3
1.382	-1.696e-3
1.381	-1.696e-3
1.380	-1.696e-3
1.379	-1.696e-3
1.378	-1.697e-3
1.377	-1.695e-3
1.376	-1.698e-3
1.375	-1.698e-3
1.374	-1.697e-3
1.373	-1.699e-3
1.372	-1.700e-3
1.371	-1.699e-3
1.370	-1.701e-3
1.369	-1.704e-3
1.368	-1.705e-3
1.367	-1.706e-3
1.366	-1.706e-3
1.365	-1.707e-3
1.364	-1.708e-3
1.363	-1.710e-3
1.362	-1.712e-3
1.361	-1.713e-3
1.360	-1.715e-3
1.359	-1.719e-3
1.358	-1.720e-3
1.357	-1.723e-3
1.356	-1.727e-3
1.355	-1.728e-3
1.354	-1.732e-3
1.353	-1.736e-3
1.352	-1.738e-3
1.351	-1.741e-3
1.350	-1.746e-3
1.349	-1.749e-3
1.348	-1.752e-3
1.347	-1.757e-3
1.346	-1.762e-3
1.345	-1.764e-3
1.344	-1.773e-3
1.343	-1.777e-3
1.342	-1.781e-3
1.341	-1.786e-3
1.340	-1.792e-3
1.339	-1.798e-3
1.338	-1.805e-3
1.337	-1.813e-3
1.336	-1.819e-3
1.335	-1.825e-3
1.334	-1.833e-3
1.333	-1.841e-3
1.332	-1.847e-3
1.331	-1.860e-3
1.330	-1.868e-3
1.329	-1.874e-3
1.328	-1.884e-3
1.327	-1.893e-3
1.326	-1.900e-3
1.325	-1.912e-3
1.324	-1.922e-3
1.323	-1.931e-3
1.322	-1.940e-3
1.321	-1.951e-3
1.320	-1.962e-3
1.319	-1.972e-3
1.318	-1.985e-3
1.317	-1.995e-3
1.316	-2.006e-3
1.315	-2.017e-3
1.314	-2.027e-3
1.313	-2.038e-3
1.312	-2.050e-3
1.311	-2.062e-3
1.310	-2.071e-3
1.309	-2.082e-3
1.308	-2.093e-3
1.307	-2.100e-3
1.306	-2.112e-3
1.305	-2.124e-3
1.304	-2.134e-3
1.303	-2.144e-3
1.302	-2.152e-3
1.301	-2.160e-3
1.300	-2.167e-3
1.299	-2.177e-3
1.298	-2.185e-3
1.297	-2.191e-3
1.296	-2.199e-3
1.295	-2.207e-3
1.294	-2.210e-3
1.293	-2.219e-3
1.292	-2.227e-3
1.291	-2.231e-3
1.290	-2.236e-3
1.289	-2.240e-3
1.288	-2.244e-3
1.287	-2.248e-3
1.286	-2.253e-3
1.285	-2.256e-3
1.284	-2.259e-3
1.283	-2.261e-3
1.282	-2.266e-3
1.281	-2.266e-3
1.280	-2.271e-3
1.279	-2.276e-3
1.278	-2.275e-3
1.277	-2.278e-3
1.276	-2.282e-3
1.275	-2.282e-3
1.274	-2.284e-3
1.273	-2.287e-3
1.272	-2.289e-3
1.271	-2.292e-3
1.270	-2.292e-3
1.269	-2.293e-3
1.268	-2.294e-3
1.267	-2.298e-3
1.266	-2.301e-3
1.265	-2.301e-3
1.264	-2.305e-3
1.263	-2.307e-3
1.262	-2.308e-3
1.261	-2.312e-3
1.260	-2.315e-3
1.259	-2.318e-3
1.258	-2.322e-3
1.257	-2.325e-3
1.256	-2.329e-3
1.255	-2.332e-3
1.254	-2.337e-3
1.253	-2.342e-3
1.252	-2.346e-3
1.251	-2.352e-3
1.250	-2.359e-3
1.249	-2.362e-3
1.248	-2.371e-3
1.247	-2.376e-3
1.246	-2.381e-3
1.245	-2.388e-3
1.244	-2.395e-3
1.243	-2.402e-3
1.242	-2.410e-3
1.241	-2.419e-3
1.240	-2.427e-3
1.239	-2.436e-3
1.238	-2.443e-3
1.237	-2.453e-3
1.236	-2.461e-3
1.235	-2.471e-3
1.234	-2.480e-3
1.233	-2.488e-3
1.232	-2.499e-3
1.231	-2.510e-3
1.230	-2.518e-3
1.229	-2.534e-3
1.228	-2.551e-3
1.227	-2.557e-3
1.226	-2.566e-3
1.225	-2.577e-3
1.224	-2.586e-3
1.223	-2.597e-3
1.222	-2.608e-3
1.221	-2.619e-3
1.220	-2.629e-3
1.219	-2.640e-3
1.218	-2.651e-3
1.217	-2.660e-3
1.216	-2.672e-3
1.215	-2.685e-3
1.214	-2.692e-3
1.213	-2.704e-3
1.212	-2.714e-3
1.211	-2.722e-3
1.210	-2.731e-3
1.209	-2.743e-3
1.208	-2.753e-3
1.207	-2.762e-3
1.206	-2.771e-3
1.205	-2.781e-3
1.204	-2.789e-3
1.203	-2.801e-3
1.202	-2.808e-3
1.201	-2.818e-3
