Results:

Channel 1:

Potential/V	Current/A

1.200	1.601e-4
1.201	2.007e-4
1.202	2.185e-4
1.203	2.316e-4
1.204	2.400e-4
1.205	2.468e-4
1.206	2.536e-4
1.207	2.601e-4
1.208	2.641e-4
1.209	2.689e-4
1.210	2.747e-4
1.211	2.779e-4
1.212	2.805e-4
1.213	2.855e-4
1.214	2.885e-4
1.215	2.910e-4
1.216	2.965e-4
1.217	2.988e-4
1.218	3.017e-4
1.219	3.057e-4
1.220	3.083e-4
1.221	3.103e-4
1.222	3.132e-4
1.223	3.166e-4
1.224	3.183e-4
1.225	3.210e-4
1.226	3.235e-4
1.227	3.253e-4
1.228	3.272e-4
1.229	3.326e-4
1.230	3.341e-4
1.231	3.361e-4
1.232	3.383e-4
1.233	3.401e-4
1.234	3.411e-4
1.235	3.435e-4
1.236	3.452e-4
1.237	3.469e-4
1.238	3.484e-4
1.239	3.503e-4
1.240	3.530e-4
1.241	3.534e-4
1.242	3.563e-4
1.243	3.571e-4
1.244	3.581e-4
1.245	3.606e-4
1.246	3.614e-4
1.247	3.633e-4
1.248	3.656e-4
1.249	3.676e-4
1.250	3.685e-4
1.251	3.689e-4
1.252	3.715e-4
1.253	3.716e-4
1.254	3.738e-4
1.255	3.765e-4
1.256	3.775e-4
1.257	3.790e-4
1.258	3.801e-4
1.259	3.815e-4
1.260	3.831e-4
1.261	3.848e-4
1.262	3.864e-4
1.263	3.863e-4
1.264	3.874e-4
1.265	3.893e-4
1.266	3.907e-4
1.267	3.927e-4
1.268	3.939e-4
1.269	3.943e-4
1.270	3.961e-4
1.271	3.983e-4
1.272	3.983e-4
1.273	4.006e-4
1.274	4.026e-4
1.275	4.037e-4
1.276	4.050e-4
1.277	4.063e-4
1.278	4.073e-4
1.279	4.085e-4
1.280	4.108e-4
1.281	4.127e-4
1.282	4.132e-4
1.283	4.147e-4
1.284	4.160e-4
1.285	4.168e-4
1.286	4.186e-4
1.287	4.206e-4
1.288	4.206e-4
1.289	4.237e-4
1.290	4.242e-4
1.291	4.243e-4
1.292	4.265e-4
1.293	4.283e-4
1.294	4.286e-4
1.295	4.302e-4
1.296	4.316e-4
1.297	4.336e-4
1.298	4.354e-4
1.299	4.362e-4
1.300	4.378e-4
1.301	4.381e-4
1.302	4.400e-4
1.303	4.413e-4
1.304	4.425e-4
1.305	4.443e-4
1.306	4.462e-4
1.307	4.458e-4
1.308	4.481e-4
1.309	4.486e-4
1.310	4.511e-4
1.311	4.527e-4
1.312	4.538e-4
1.313	4.558e-4
1.314	4.567e-4
1.315	4.577e-4
1.316	4.584e-4
1.317	4.614e-4
1.318	4.633e-4
1.319	4.645e-4
1.320	4.645e-4
1.321	4.659e-4
1.322	4.673e-4
1.323	4.690e-4
1.324	4.689e-4
1.325	4.712e-4
1.326	4.720e-4
1.327	4.720e-4
1.328	4.750e-4
1.329	4.757e-4
1.330	4.771e-4
1.331	4.798e-4
1.332	4.807e-4
1.333	4.815e-4
1.334	4.837e-4
1.335	4.843e-4
1.336	4.858e-4
1.337	4.866e-4
1.338	4.874e-4
1.339	4.894e-4
1.340	4.907e-4
1.341	4.932e-4
1.342	4.940e-4
1.343	4.951e-4
1.344	4.977e-4
1.345	4.976e-4
1.346	4.999e-4
1.347	5.005e-4
1.348	5.025e-4
1.349	5.043e-4
1.350	5.042e-4
1.351	5.062e-4
1.352	5.073e-4
1.353	5.090e-4
1.354	5.116e-4
1.355	5.117e-4
1.356	5.136e-4
1.357	5.161e-4
1.358	5.173e-4
1.359	5.173e-4
1.360	5.198e-4
1.361	5.215e-4
1.362	5.231e-4
1.363	5.257e-4
1.364	5.261e-4
1.365	5.274e-4
1.366	5.292e-4
1.367	5.313e-4
1.368	5.320e-4
1.369	5.336e-4
1.370	5.361e-4
1.371	5.369e-4
1.372	5.392e-4
1.373	5.400e-4
1.374	5.425e-4
1.375	5.440e-4
1.376	5.464e-4
1.377	5.473e-4
1.378	5.478e-4
1.379	5.498e-4
1.380	5.513e-4
1.381	5.528e-4
1.382	5.558e-4
1.383	5.583e-4
1.384	5.593e-4
1.385	5.610e-4
1.386	5.625e-4
1.387	5.634e-4
1.388	5.654e-4
1.389	5.679e-4
1.390	5.691e-4
1.391	5.697e-4
1.392	5.718e-4
1.393	5.735e-4
1.394	5.750e-4
1.395	5.780e-4
1.396	5.800e-4
1.397	5.804e-4
1.398	5.828e-4
1.399	5.851e-4
1.400	5.863e-4
1.401	5.879e-4
1.402	5.903e-4
1.403	5.922e-4
1.404	5.940e-4
1.405	5.956e-4
1.406	5.987e-4
1.407	6.000e-4
1.408	6.036e-4
1.409	6.052e-4
1.410	6.072e-4
1.411	6.092e-4
1.412	6.112e-4
1.413	6.132e-4
1.414	6.165e-4
1.415	6.180e-4
1.416	6.195e-4
1.417	6.225e-4
1.418	6.243e-4
1.419	6.266e-4
1.420	6.300e-4
1.421	6.332e-4
1.422	6.359e-4
1.423	6.377e-4
1.424	6.409e-4
1.425	6.443e-4
1.426	6.470e-4
1.427	6.495e-4
1.428	6.541e-4
1.429	6.554e-4
1.430	6.595e-4
1.431	6.630e-4
1.432	6.671e-4
1.433	6.713e-4
1.434	6.763e-4
1.435	6.803e-4
1.436	6.840e-4
1.437	6.890e-4
1.438	6.918e-4
1.439	6.967e-4
1.440	7.017e-4
1.441	7.075e-4
1.442	7.128e-4
1.443	7.178e-4
1.444	7.235e-4
1.445	7.281e-4
1.446	7.346e-4
1.447	7.406e-4
1.448	7.466e-4
1.449	7.515e-4
1.450	7.576e-4
1.451	7.637e-4
1.452	7.709e-4
1.453	7.771e-4
1.454	7.832e-4
1.455	7.906e-4
1.456	7.971e-4
1.457	8.054e-4
1.458	8.121e-4
1.459	8.206e-4
1.460	8.299e-4
1.461	8.372e-4
1.462	8.465e-4
1.463	8.557e-4
1.464	8.654e-4
1.465	8.760e-4
1.466	8.853e-4
1.467	8.944e-4
1.468	9.045e-4
1.469	9.156e-4
1.470	9.269e-4
1.471	9.377e-4
1.472	9.498e-4
1.473	9.624e-4
1.474	9.745e-4
1.475	9.875e-4
1.476	1.001e-3
1.477	1.013e-3
1.478	1.028e-3
1.479	1.042e-3
1.480	1.056e-3
1.481	1.071e-3
1.482	1.086e-3
1.483	1.102e-3
1.484	1.118e-3
1.485	1.135e-3
1.486	1.151e-3
1.487	1.166e-3
1.488	1.183e-3
1.489	1.201e-3
1.490	1.218e-3
1.491	1.237e-3
1.492	1.254e-3
1.493	1.272e-3
1.494	1.291e-3
1.495	1.309e-3
1.496	1.327e-3
1.497	1.348e-3
1.498	1.368e-3
1.499	1.389e-3
1.500	1.410e-3
1.501	1.429e-3
1.502	1.451e-3
1.503	1.470e-3
1.504	1.492e-3
1.505	1.514e-3
1.506	1.534e-3
1.507	1.556e-3
1.508	1.579e-3
1.509	1.601e-3
1.510	1.624e-3
1.511	1.648e-3
1.512	1.670e-3
1.513	1.694e-3
1.514	1.717e-3
1.515	1.741e-3
1.516	1.766e-3
1.517	1.792e-3
1.518	1.815e-3
1.519	1.841e-3
1.520	1.866e-3
1.521	1.895e-3
1.522	1.922e-3
1.523	1.950e-3
1.524	1.975e-3
1.525	2.001e-3
1.526	2.029e-3
1.527	2.059e-3
1.528	2.085e-3
1.529	2.115e-3
1.530	2.145e-3
1.531	2.174e-3
1.532	2.203e-3
1.533	2.234e-3
1.534	2.265e-3
1.535	2.295e-3
1.536	2.328e-3
1.537	2.359e-3
1.538	2.391e-3
1.539	2.422e-3
1.540	2.455e-3
1.541	2.487e-3
1.542	2.520e-3
1.543	2.555e-3
1.544	2.587e-3
1.545	2.621e-3
1.546	2.657e-3
1.547	2.693e-3
1.548	2.729e-3
1.549	2.765e-3
1.550	2.802e-3
1.551	2.838e-3
1.552	2.876e-3
1.553	2.914e-3
1.554	2.952e-3
1.555	2.990e-3
1.556	3.030e-3
1.557	3.069e-3
1.558	3.107e-3
1.559	3.147e-3
1.560	3.185e-3
1.561	3.225e-3
1.562	3.267e-3
1.563	3.304e-3
1.564	3.344e-3
1.565	3.386e-3
1.566	3.426e-3
1.567	3.468e-3
1.568	3.509e-3
1.569	3.554e-3
1.570	3.600e-3
1.571	3.645e-3
1.572	3.687e-3
1.573	3.725e-3
1.574	3.764e-3
1.575	3.805e-3
1.576	3.849e-3
1.577	3.890e-3
1.578	3.940e-3
1.579	3.985e-3
1.580	4.036e-3
1.581	4.081e-3
1.582	4.126e-3
1.583	4.171e-3
1.584	4.218e-3
1.585	4.267e-3
1.586	4.311e-3
1.587	4.357e-3
1.588	4.399e-3
1.589	4.446e-3
1.590	4.497e-3
1.591	4.546e-3
1.592	4.597e-3
1.593	4.647e-3
1.594	4.694e-3
1.595	4.747e-3
1.596	4.796e-3
1.597	4.847e-3
1.598	4.896e-3
1.599	4.944e-3
1.600	4.995e-3
1.601	5.046e-3
1.602	5.097e-3
1.603	5.148e-3
1.604	5.200e-3
1.605	5.244e-3
1.606	5.296e-3
1.607	5.348e-3
1.608	5.403e-3
1.609	5.456e-3
1.610	5.508e-3
1.611	5.561e-3
1.612	5.611e-3
1.613	5.658e-3
1.614	5.710e-3
1.615	5.759e-3
1.616	5.815e-3
1.617	5.858e-3
1.618	5.905e-3
1.619	5.959e-3
1.620	6.012e-3
1.621	6.065e-3
1.622	6.118e-3
1.623	6.170e-3
1.624	6.223e-3
1.625	6.275e-3
1.626	6.332e-3
1.627	6.386e-3
1.628	6.445e-3
1.629	6.496e-3
1.630	6.555e-3
1.631	6.612e-3
1.632	6.665e-3
1.633	6.718e-3
1.634	6.776e-3
1.635	6.829e-3
1.636	6.877e-3
1.637	6.929e-3
1.638	6.992e-3
1.639	7.050e-3
1.640	7.103e-3
1.641	7.164e-3
1.642	7.221e-3
1.643	7.278e-3
1.644	7.325e-3
1.645	7.362e-3
1.646	7.409e-3
1.647	7.465e-3
1.648	7.523e-3
1.649	7.585e-3
1.650	7.638e-3
1.651	7.696e-3
1.652	7.757e-3
1.653	7.815e-3
1.654	7.873e-3
1.655	7.924e-3
1.656	7.979e-3
1.657	8.041e-3
1.658	8.088e-3
1.659	8.127e-3
1.660	8.170e-3
1.661	8.228e-3
1.662	8.278e-3
1.663	8.330e-3
1.664	8.388e-3
1.665	8.440e-3
1.666	8.485e-3
1.667	8.529e-3
1.668	8.583e-3
1.669	8.643e-3
1.670	8.682e-3
1.671	8.741e-3
1.672	8.799e-3
1.673	8.852e-3
1.674	8.902e-3
1.675	8.949e-3
1.676	8.998e-3
1.677	9.045e-3
1.678	9.103e-3
1.679	9.152e-3
1.680	9.204e-3
1.681	9.261e-3
1.682	9.315e-3
1.683	9.367e-3
1.684	9.416e-3
1.685	9.448e-3
1.686	9.499e-3
1.687	9.561e-3
1.688	9.598e-3
1.689	9.652e-3
1.690	9.713e-3
1.691	9.776e-3
1.692	9.826e-3
1.693	9.887e-3
1.694	9.926e-3
1.695	9.970e-3
1.696	1.002e-2
1.697	1.008e-2
1.698	1.013e-2
1.699	1.016e-2
1.700	1.020e-2
1.701	1.026e-2
1.702	1.030e-2
1.703	1.036e-2
1.704	1.042e-2
1.705	1.048e-2
1.706	1.052e-2
1.707	1.054e-2
1.708	1.059e-2
1.709	1.064e-2
1.710	1.067e-2
1.711	1.071e-2
1.712	1.077e-2
1.713	1.084e-2
1.714	1.087e-2
1.715	1.092e-2
1.716	1.097e-2
1.717	1.104e-2
1.718	1.111e-2
1.719	1.116e-2
1.720	1.120e-2
1.721	1.123e-2
1.722	1.126e-2
1.723	1.130e-2
1.724	1.133e-2
1.725	1.137e-2
1.726	1.140e-2
1.727	1.144e-2
1.728	1.149e-2
1.729	1.154e-2
1.730	1.158e-2
1.731	1.160e-2
1.732	1.164e-2
1.733	1.170e-2
1.734	1.176e-2
1.735	1.181e-2
1.736	1.184e-2
1.737	1.187e-2
1.738	1.192e-2
1.739	1.197e-2
1.740	1.201e-2
1.741	1.204e-2
1.742	1.208e-2
1.743	1.212e-2
1.744	1.214e-2
1.745	1.216e-2
1.746	1.219e-2
1.747	1.223e-2
1.748	1.227e-2
1.749	1.231e-2
1.750	1.233e-2
1.751	1.234e-2
1.752	1.235e-2
1.753	1.238e-2
1.754	1.241e-2
1.755	1.244e-2
1.756	1.250e-2
1.757	1.255e-2
1.758	1.262e-2
1.759	1.265e-2
1.760	1.267e-2
1.761	1.269e-2
1.762	1.271e-2
1.763	1.273e-2
1.764	1.278e-2
1.765	1.281e-2
1.766	1.283e-2
1.767	1.287e-2
1.768	1.291e-2
1.769	1.298e-2
1.770	1.304e-2
1.771	1.306e-2
1.772	1.311e-2
1.773	1.315e-2
1.774	1.317e-2
1.775	1.318e-2
1.776	1.321e-2
1.777	1.324e-2
1.778	1.327e-2
1.779	1.331e-2
1.780	1.334e-2
1.781	1.337e-2
1.782	1.341e-2
1.783	1.343e-2
1.784	1.345e-2
1.785	1.347e-2
1.786	1.350e-2
1.787	1.353e-2
1.788	1.356e-2
1.789	1.359e-2
1.790	1.361e-2
1.791	1.362e-2
1.792	1.368e-2
1.793	1.371e-2
1.794	1.372e-2
1.795	1.375e-2
1.796	1.380e-2
1.797	1.386e-2
1.798	1.388e-2
1.799	1.387e-2
1.800	1.389e-2
1.801	1.392e-2
1.802	1.396e-2
1.803	1.401e-2
1.804	1.405e-2
1.805	1.404e-2
1.806	1.406e-2
1.807	1.409e-2
1.808	1.410e-2
1.809	1.410e-2
1.810	1.412e-2
1.811	1.414e-2
1.812	1.416e-2
1.813	1.419e-2
1.814	1.422e-2
1.815	1.425e-2
1.816	1.426e-2
1.817	1.431e-2
1.818	1.436e-2
1.819	1.437e-2
1.820	1.438e-2
1.821	1.441e-2
1.822	1.442e-2
1.823	1.446e-2
1.824	1.450e-2
1.825	1.451e-2
1.826	1.455e-2
1.827	1.459e-2
1.828	1.466e-2
1.829	1.468e-2
1.830	1.465e-2
1.831	1.461e-2
1.832	1.463e-2
1.833	1.464e-2
1.834	1.467e-2
1.835	1.473e-2
1.836	1.475e-2
1.837	1.477e-2
1.838	1.479e-2
1.839	1.482e-2
1.840	1.483e-2
1.841	1.485e-2
1.842	1.486e-2
1.843	1.490e-2
1.844	1.493e-2
1.845	1.498e-2
1.846	1.500e-2
1.847	1.498e-2
1.848	1.500e-2
1.849	1.502e-2
1.850	1.505e-2
1.851	1.508e-2
1.852	1.513e-2
1.853	1.515e-2
1.854	1.518e-2
1.855	1.520e-2
1.856	1.524e-2
1.857	1.529e-2
1.858	1.531e-2
1.859	1.533e-2
1.860	1.535e-2
1.861	1.537e-2
1.862	1.537e-2
1.863	1.537e-2
1.864	1.543e-2
1.865	1.545e-2
1.866	1.546e-2
1.867	1.550e-2
1.868	1.553e-2
1.869	1.555e-2
1.870	1.557e-2
1.871	1.558e-2
1.872	1.558e-2
1.873	1.559e-2
1.874	1.562e-2
1.875	1.565e-2
1.876	1.567e-2
1.877	1.571e-2
1.878	1.575e-2
1.879	1.578e-2
1.880	1.581e-2
1.881	1.581e-2
1.882	1.581e-2
1.883	1.585e-2
1.884	1.586e-2
1.885	1.589e-2
1.886	1.590e-2
1.887	1.593e-2
1.888	1.599e-2
1.889	1.603e-2
1.890	1.605e-2
1.891	1.609e-2
1.892	1.613e-2
1.893	1.617e-2
1.894	1.618e-2
1.895	1.616e-2
1.896	1.618e-2
1.897	1.622e-2
1.898	1.626e-2
1.899	1.631e-2
