Results:

Channel 1:

Potential/V	Current/A

1.900	1.474e-2
1.899	1.461e-2
1.898	1.450e-2
1.897	1.441e-2
1.896	1.433e-2
1.895	1.423e-2
1.894	1.413e-2
1.893	1.400e-2
1.892	1.391e-2
1.891	1.385e-2
1.890	1.379e-2
1.889	1.370e-2
1.888	1.362e-2
1.887	1.353e-2
1.886	1.345e-2
1.885	1.337e-2
1.884	1.329e-2
1.883	1.320e-2
1.882	1.313e-2
1.881	1.305e-2
1.880	1.298e-2
1.879	1.289e-2
1.878	1.282e-2
1.877	1.276e-2
1.876	1.266e-2
1.875	1.259e-2
1.874	1.254e-2
1.873	1.245e-2
1.872	1.240e-2
1.871	1.231e-2
1.870	1.225e-2
1.869	1.216e-2
1.868	1.210e-2
1.867	1.204e-2
1.866	1.197e-2
1.865	1.190e-2
1.864	1.185e-2
1.863	1.179e-2
1.862	1.171e-2
1.861	1.166e-2
1.860	1.159e-2
1.859	1.153e-2
1.858	1.148e-2
1.857	1.142e-2
1.856	1.134e-2
1.855	1.128e-2
1.854	1.122e-2
1.853	1.115e-2
1.852	1.108e-2
1.851	1.100e-2
1.850	1.095e-2
1.849	1.090e-2
1.848	1.086e-2
1.847	1.081e-2
1.846	1.076e-2
1.845	1.071e-2
1.844	1.064e-2
1.843	1.058e-2
1.842	1.053e-2
1.841	1.048e-2
1.840	1.043e-2
1.839	1.037e-2
1.838	1.029e-2
1.837	1.020e-2
1.836	1.015e-2
1.835	1.011e-2
1.834	1.007e-2
1.833	1.004e-2
1.832	9.987e-3
1.831	9.937e-3
1.830	9.872e-3
1.829	9.812e-3
1.828	9.740e-3
1.827	9.683e-3
1.826	9.644e-3
1.825	9.607e-3
1.824	9.539e-3
1.823	9.509e-3
1.822	9.475e-3
1.821	9.444e-3
1.820	9.413e-3
1.819	9.377e-3
1.818	9.318e-3
1.817	9.263e-3
1.816	9.210e-3
1.815	9.163e-3
1.814	9.110e-3
1.813	9.065e-3
1.812	9.019e-3
1.811	8.976e-3
1.810	8.925e-3
1.809	8.866e-3
1.808	8.806e-3
1.807	8.762e-3
1.806	8.736e-3
1.805	8.694e-3
1.804	8.665e-3
1.803	8.633e-3
1.802	8.565e-3
1.801	8.528e-3
1.800	8.486e-3
1.799	8.439e-3
1.798	8.383e-3
1.797	8.316e-3
1.796	8.288e-3
1.795	8.240e-3
1.794	8.185e-3
1.793	8.149e-3
1.792	8.111e-3
1.791	8.051e-3
1.790	7.988e-3
1.789	7.947e-3
1.788	7.909e-3
1.787	7.881e-3
1.786	7.830e-3
1.785	7.784e-3
1.784	7.744e-3
1.783	7.716e-3
1.782	7.665e-3
1.781	7.596e-3
1.780	7.547e-3
1.779	7.501e-3
1.778	7.459e-3
1.777	7.423e-3
1.776	7.383e-3
1.775	7.327e-3
1.774	7.280e-3
1.773	7.261e-3
1.772	7.232e-3
1.771	7.212e-3
1.770	7.183e-3
1.769	7.131e-3
1.768	7.076e-3
1.767	7.022e-3
1.766	6.984e-3
1.765	6.951e-3
1.764	6.916e-3
1.763	6.885e-3
1.762	6.855e-3
1.761	6.800e-3
1.760	6.777e-3
1.759	6.739e-3
1.758	6.690e-3
1.757	6.652e-3
1.756	6.623e-3
1.755	6.599e-3
1.754	6.573e-3
1.753	6.537e-3
1.752	6.495e-3
1.751	6.459e-3
1.750	6.430e-3
1.749	6.402e-3
1.748	6.363e-3
1.747	6.336e-3
1.746	6.292e-3
1.745	6.253e-3
1.744	6.216e-3
1.743	6.184e-3
1.742	6.143e-3
1.741	6.105e-3
1.740	6.080e-3
1.739	6.046e-3
1.738	5.992e-3
1.737	5.946e-3
1.736	5.912e-3
1.735	5.866e-3
1.734	5.843e-3
1.733	5.818e-3
1.732	5.785e-3
1.731	5.744e-3
1.730	5.712e-3
1.729	5.680e-3
1.728	5.637e-3
1.727	5.619e-3
1.726	5.582e-3
1.725	5.536e-3
1.724	5.510e-3
1.723	5.473e-3
1.722	5.435e-3
1.721	5.407e-3
1.720	5.377e-3
1.719	5.342e-3
1.718	5.300e-3
1.717	5.270e-3
1.716	5.248e-3
1.715	5.206e-3
1.714	5.175e-3
1.713	5.136e-3
1.712	5.106e-3
1.711	5.084e-3
1.710	5.059e-3
1.709	5.019e-3
1.708	4.990e-3
1.707	4.954e-3
1.706	4.917e-3
1.705	4.885e-3
1.704	4.866e-3
1.703	4.832e-3
1.702	4.800e-3
1.701	4.768e-3
1.700	4.742e-3
1.699	4.708e-3
1.698	4.672e-3
1.697	4.644e-3
1.696	4.616e-3
1.695	4.588e-3
1.694	4.562e-3
1.693	4.529e-3
1.692	4.502e-3
1.691	4.463e-3
1.690	4.430e-3
1.689	4.387e-3
1.688	4.357e-3
1.687	4.325e-3
1.686	4.302e-3
1.685	4.274e-3
1.684	4.243e-3
1.683	4.209e-3
1.682	4.180e-3
1.681	4.149e-3
1.680	4.121e-3
1.679	4.094e-3
1.678	4.061e-3
1.677	4.034e-3
1.676	3.997e-3
1.675	3.972e-3
1.674	3.945e-3
1.673	3.920e-3
1.672	3.899e-3
1.671	3.869e-3
1.670	3.834e-3
1.669	3.800e-3
1.668	3.772e-3
1.667	3.742e-3
1.666	3.716e-3
1.665	3.688e-3
1.664	3.657e-3
1.663	3.623e-3
1.662	3.596e-3
1.661	3.562e-3
1.660	3.530e-3
1.659	3.511e-3
1.658	3.494e-3
1.657	3.480e-3
1.656	3.454e-3
1.655	3.423e-3
1.654	3.390e-3
1.653	3.360e-3
1.652	3.333e-3
1.651	3.310e-3
1.650	3.291e-3
1.649	3.262e-3
1.648	3.235e-3
1.647	3.204e-3
1.646	3.183e-3
1.645	3.146e-3
1.644	3.114e-3
1.643	3.091e-3
1.642	3.068e-3
1.641	3.038e-3
1.640	3.006e-3
1.639	2.983e-3
1.638	2.957e-3
1.637	2.940e-3
1.636	2.901e-3
1.635	2.879e-3
1.634	2.855e-3
1.633	2.829e-3
1.632	2.803e-3
1.631	2.780e-3
1.630	2.760e-3
1.629	2.736e-3
1.628	2.708e-3
1.627	2.686e-3
1.626	2.654e-3
1.625	2.627e-3
1.624	2.604e-3
1.623	2.586e-3
1.622	2.565e-3
1.621	2.541e-3
1.620	2.514e-3
1.619	2.488e-3
1.618	2.464e-3
1.617	2.443e-3
1.616	2.421e-3
1.615	2.401e-3
1.614	2.379e-3
1.613	2.344e-3
1.612	2.318e-3
1.611	2.294e-3
1.610	2.275e-3
1.609	2.254e-3
1.608	2.231e-3
1.607	2.212e-3
1.606	2.190e-3
1.605	2.168e-3
1.604	2.144e-3
1.603	2.122e-3
1.602	2.093e-3
1.601	2.071e-3
1.600	2.050e-3
1.599	2.036e-3
1.598	2.020e-3
1.597	1.992e-3
1.596	1.976e-3
1.595	1.956e-3
1.594	1.933e-3
1.593	1.912e-3
1.592	1.892e-3
1.591	1.873e-3
1.590	1.848e-3
1.589	1.827e-3
1.588	1.805e-3
1.587	1.783e-3
1.586	1.764e-3
1.585	1.744e-3
1.584	1.726e-3
1.583	1.708e-3
1.582	1.691e-3
1.581	1.671e-3
1.580	1.650e-3
1.579	1.632e-3
1.578	1.611e-3
1.577	1.587e-3
1.576	1.569e-3
1.575	1.551e-3
1.574	1.529e-3
1.573	1.511e-3
1.572	1.484e-3
1.571	1.460e-3
1.570	1.444e-3
1.569	1.432e-3
1.568	1.411e-3
1.567	1.387e-3
1.566	1.370e-3
1.565	1.356e-3
1.564	1.335e-3
1.563	1.317e-3
1.562	1.298e-3
1.561	1.277e-3
1.560	1.259e-3
1.559	1.244e-3
1.558	1.225e-3
1.557	1.207e-3
1.556	1.192e-3
1.555	1.176e-3
1.554	1.162e-3
1.553	1.145e-3
1.552	1.126e-3
1.551	1.110e-3
1.550	1.092e-3
1.549	1.076e-3
1.548	1.063e-3
1.547	1.046e-3
1.546	1.028e-3
1.545	1.012e-3
1.544	9.975e-4
1.543	9.816e-4
1.542	9.646e-4
1.541	9.495e-4
1.540	9.340e-4
1.539	9.201e-4
1.538	9.045e-4
1.537	8.896e-4
1.536	8.731e-4
1.535	8.597e-4
1.534	8.472e-4
1.533	8.305e-4
1.532	8.158e-4
1.531	8.042e-4
1.530	7.880e-4
1.529	7.723e-4
1.528	7.573e-4
1.527	7.427e-4
1.526	7.311e-4
1.525	7.171e-4
1.524	7.029e-4
1.523	6.871e-4
1.522	6.751e-4
1.521	6.623e-4
1.520	6.492e-4
1.519	6.366e-4
1.518	6.246e-4
1.517	6.107e-4
1.516	5.965e-4
1.515	5.847e-4
1.514	5.723e-4
1.513	5.614e-4
1.512	5.486e-4
1.511	5.355e-4
1.510	5.234e-4
1.509	5.099e-4
1.508	4.982e-4
1.507	4.859e-4
1.506	4.753e-4
1.505	4.650e-4
1.504	4.532e-4
1.503	4.415e-4
1.502	4.314e-4
1.501	4.211e-4
1.500	4.097e-4
1.499	3.993e-4
1.498	3.891e-4
1.497	3.780e-4
1.496	3.685e-4
1.495	3.592e-4
1.494	3.494e-4
1.493	3.405e-4
1.492	3.309e-4
1.491	3.209e-4
1.490	3.113e-4
1.489	3.014e-4
1.488	2.920e-4
1.487	2.837e-4
1.486	2.746e-4
1.485	2.654e-4
1.484	2.545e-4
1.483	2.465e-4
1.482	2.378e-4
1.481	2.278e-4
1.480	2.208e-4
1.479	2.135e-4
1.478	2.039e-4
1.477	1.951e-4
1.476	1.884e-4
1.475	1.808e-4
1.474	1.723e-4
1.473	1.656e-4
1.472	1.575e-4
1.471	1.495e-4
1.470	1.431e-4
1.469	1.357e-4
1.468	1.285e-4
1.467	1.223e-4
1.466	1.144e-4
1.465	1.074e-4
1.464	1.023e-4
1.463	9.527e-5
1.462	8.948e-5
1.461	8.358e-5
1.460	7.710e-5
1.459	6.973e-5
1.458	6.412e-5
1.457	5.931e-5
1.456	5.450e-5
1.455	4.919e-5
1.454	4.359e-5
1.453	3.661e-5
1.452	3.209e-5
1.451	2.787e-5
1.450	2.266e-5
1.449	1.745e-5
1.448	1.313e-5
1.447	7.723e-6
1.446	2.712e-6
1.445	-1.808e-6
1.444	-6.623e-6
1.443	-1.016e-5
1.442	-1.419e-5
1.441	-1.910e-5
1.440	-2.333e-5
1.439	-2.795e-5
1.438	-3.099e-5
1.437	-3.522e-5
1.436	-3.915e-5
1.435	-4.278e-5
1.434	-4.750e-5
1.433	-5.143e-5
1.432	-5.497e-5
1.431	-5.762e-5
1.430	-6.096e-5
1.429	-6.489e-5
1.428	-6.794e-5
1.427	-7.108e-5
1.426	-7.432e-5
1.425	-7.678e-5
1.424	-8.061e-5
1.423	-8.258e-5
1.422	-8.336e-5
1.421	-8.857e-5
1.420	-9.221e-5
1.419	-9.329e-5
1.418	-9.614e-5
1.417	-9.771e-5
1.416	-9.977e-5
1.415	-1.026e-4
1.414	-1.058e-4
1.413	-1.085e-4
1.412	-1.089e-4
1.411	-1.117e-4
1.410	-1.135e-4
1.409	-1.158e-4
1.408	-1.186e-4
1.407	-1.206e-4
1.406	-1.212e-4
1.405	-1.243e-4
1.404	-1.251e-4
1.403	-1.269e-4
1.402	-1.276e-4
1.401	-1.302e-4
1.400	-1.318e-4
1.399	-1.325e-4
1.398	-1.337e-4
1.397	-1.353e-4
1.396	-1.369e-4
1.395	-1.383e-4
1.394	-1.403e-4
1.393	-1.407e-4
1.392	-1.416e-4
1.391	-1.432e-4
1.390	-1.428e-4
1.389	-1.453e-4
1.388	-1.456e-4
1.387	-1.471e-4
1.386	-1.479e-4
1.385	-1.482e-4
1.384	-1.499e-4
1.383	-1.504e-4
1.382	-1.519e-4
1.381	-1.523e-4
1.380	-1.540e-4
1.379	-1.536e-4
1.378	-1.537e-4
1.377	-1.549e-4
1.376	-1.559e-4
1.375	-1.571e-4
1.374	-1.567e-4
1.373	-1.573e-4
1.372	-1.581e-4
1.371	-1.578e-4
1.370	-1.597e-4
1.369	-1.607e-4
1.368	-1.615e-4
1.367	-1.606e-4
1.366	-1.605e-4
1.365	-1.614e-4
1.364	-1.614e-4
1.363	-1.621e-4
1.362	-1.632e-4
1.361	-1.631e-4
1.360	-1.632e-4
1.359	-1.633e-4
1.358	-1.632e-4
1.357	-1.648e-4
1.356	-1.649e-4
1.355	-1.644e-4
1.354	-1.650e-4
1.353	-1.655e-4
1.352	-1.656e-4
1.351	-1.659e-4
1.350	-1.661e-4
1.349	-1.661e-4
1.348	-1.657e-4
1.347	-1.662e-4
1.346	-1.676e-4
1.345	-1.671e-4
1.344	-1.687e-4
1.343	-1.686e-4
1.342	-1.687e-4
1.341	-1.698e-4
1.340	-1.690e-4
1.339	-1.689e-4
1.338	-1.695e-4
1.337	-1.695e-4
1.336	-1.690e-4
1.335	-1.699e-4
1.334	-1.696e-4
1.333	-1.700e-4
1.332	-1.702e-4
1.331	-1.709e-4
1.330	-1.711e-4
1.329	-1.707e-4
1.328	-1.720e-4
1.327	-1.722e-4
1.326	-1.713e-4
1.325	-1.728e-4
1.324	-1.715e-4
1.323	-1.717e-4
1.322	-1.718e-4
1.321	-1.723e-4
1.320	-1.722e-4
1.319	-1.729e-4
1.318	-1.744e-4
1.317	-1.748e-4
1.316	-1.732e-4
1.315	-1.742e-4
1.314	-1.745e-4
1.313	-1.745e-4
1.312	-1.767e-4
1.311	-1.752e-4
1.310	-1.751e-4
1.309	-1.775e-4
1.308	-1.779e-4
1.307	-1.780e-4
1.306	-1.785e-4
1.305	-1.796e-4
1.304	-1.803e-4
1.303	-1.806e-4
1.302	-1.818e-4
1.301	-1.820e-4
1.300	-1.831e-4
1.299	-1.831e-4
1.298	-1.846e-4
1.297	-1.858e-4
1.296	-1.860e-4
1.295	-1.872e-4
1.294	-1.869e-4
1.293	-1.895e-4
1.292	-1.908e-4
1.291	-1.918e-4
1.290	-1.925e-4
1.289	-1.943e-4
1.288	-1.959e-4
1.287	-1.973e-4
1.286	-1.989e-4
1.285	-1.984e-4
1.284	-2.010e-4
1.283	-2.022e-4
1.282	-2.040e-4
1.281	-2.051e-4
1.280	-2.095e-4
1.279	-2.103e-4
1.278	-2.122e-4
1.277	-2.133e-4
1.276	-2.148e-4
1.275	-2.168e-4
1.274	-2.196e-4
1.273	-2.208e-4
1.272	-2.218e-4
1.271	-2.249e-4
1.270	-2.267e-4
1.269	-2.290e-4
1.268	-2.319e-4
1.267	-2.346e-4
1.266	-2.372e-4
1.265	-2.390e-4
1.264	-2.425e-4
1.263	-2.454e-4
1.262	-2.466e-4
1.261	-2.504e-4
1.260	-2.535e-4
1.259	-2.559e-4
1.258	-2.594e-4
1.257	-2.620e-4
1.256	-2.656e-4
1.255	-2.695e-4
1.254	-2.718e-4
1.253	-2.762e-4
1.252	-2.789e-4
1.251	-2.811e-4
1.250	-2.855e-4
1.249	-2.884e-4
1.248	-2.924e-4
1.247	-2.954e-4
1.246	-2.982e-4
1.245	-3.022e-4
1.244	-3.049e-4
1.243	-3.089e-4
1.242	-3.133e-4
1.241	-3.174e-4
1.240	-3.216e-4
1.239	-3.228e-4
1.238	-3.265e-4
1.237	-3.302e-4
1.236	-3.344e-4
1.235	-3.380e-4
1.234	-3.414e-4
1.233	-3.459e-4
1.232	-3.494e-4
1.231	-3.534e-4
1.230	-3.555e-4
1.229	-3.623e-4
1.228	-3.663e-4
1.227	-3.696e-4
1.226	-3.736e-4
1.225	-3.776e-4
1.224	-3.809e-4
1.223	-3.861e-4
1.222	-3.889e-4
1.221	-3.932e-4
1.220	-3.967e-4
1.219	-3.998e-4
1.218	-4.046e-4
1.217	-4.078e-4
1.216	-4.124e-4
1.215	-4.169e-4
1.214	-4.204e-4
1.213	-4.240e-4
1.212	-4.275e-4
1.211	-4.313e-4
1.210	-4.350e-4
1.209	-4.393e-4
1.208	-4.417e-4
1.207	-4.475e-4
1.206	-4.510e-4
1.205	-4.549e-4
1.204	-4.580e-4
1.203	-4.633e-4
1.202	-4.671e-4
1.201	-4.700e-4
