Results:

Channel 1:

Potential/V	Current/A

1.900	3.654e-2
1.899	3.639e-2
1.898	3.621e-2
1.897	3.611e-2
1.896	3.591e-2
1.895	3.583e-2
1.894	3.572e-2
1.893	3.555e-2
1.892	3.539e-2
1.891	3.529e-2
1.890	3.514e-2
1.889	3.507e-2
1.888	3.484e-2
1.887	3.472e-2
1.886	3.458e-2
1.885	3.448e-2
1.884	3.443e-2
1.883	3.424e-2
1.882	3.412e-2
1.881	3.393e-2
1.880	3.376e-2
1.879	3.366e-2
1.878	3.347e-2
1.877	3.341e-2
1.876	3.324e-2
1.875	3.310e-2
1.874	3.296e-2
1.873	3.285e-2
1.872	3.272e-2
1.871	3.259e-2
1.870	3.252e-2
1.869	3.236e-2
1.868	3.221e-2
1.867	3.204e-2
1.866	3.193e-2
1.865	3.184e-2
1.864	3.173e-2
1.863	3.160e-2
1.862	3.150e-2
1.861	3.137e-2
1.860	3.121e-2
1.859	3.109e-2
1.858	3.095e-2
1.857	3.084e-2
1.856	3.068e-2
1.855	3.054e-2
1.854	3.045e-2
1.853	3.030e-2
1.852	3.016e-2
1.851	3.004e-2
1.850	2.993e-2
1.849	2.978e-2
1.848	2.965e-2
1.847	2.953e-2
1.846	2.943e-2
1.845	2.927e-2
1.844	2.912e-2
1.843	2.914e-2
1.842	2.900e-2
1.841	2.891e-2
1.840	2.882e-2
1.839	2.870e-2
1.838	2.856e-2
1.837	2.849e-2
1.836	2.832e-2
1.835	2.823e-2
1.834	2.807e-2
1.833	2.800e-2
1.832	2.787e-2
1.831	2.770e-2
1.830	2.762e-2
1.829	2.745e-2
1.828	2.736e-2
1.827	2.729e-2
1.826	2.712e-2
1.825	2.701e-2
1.824	2.693e-2
1.823	2.679e-2
1.822	2.671e-2
1.821	2.658e-2
1.820	2.644e-2
1.819	2.632e-2
1.818	2.619e-2
1.817	2.608e-2
1.816	2.598e-2
1.815	2.588e-2
1.814	2.574e-2
1.813	2.569e-2
1.812	2.550e-2
1.811	2.542e-2
1.810	2.532e-2
1.809	2.519e-2
1.808	2.509e-2
1.807	2.499e-2
1.806	2.489e-2
1.805	2.478e-2
1.804	2.468e-2
1.803	2.448e-2
1.802	2.447e-2
1.801	2.433e-2
1.800	2.424e-2
1.799	2.411e-2
1.798	2.400e-2
1.797	2.390e-2
1.796	2.378e-2
1.795	2.364e-2
1.794	2.357e-2
1.793	2.340e-2
1.792	2.331e-2
1.791	2.323e-2
1.790	2.316e-2
1.789	2.301e-2
1.788	2.294e-2
1.787	2.277e-2
1.786	2.275e-2
1.785	2.257e-2
1.784	2.247e-2
1.783	2.238e-2
1.782	2.229e-2
1.781	2.215e-2
1.780	2.203e-2
1.779	2.192e-2
1.778	2.186e-2
1.777	2.174e-2
1.776	2.167e-2
1.775	2.151e-2
1.774	2.144e-2
1.773	2.130e-2
1.772	2.125e-2
1.771	2.111e-2
1.770	2.095e-2
1.769	2.089e-2
1.768	2.075e-2
1.767	2.071e-2
1.766	2.059e-2
1.765	2.047e-2
1.764	2.037e-2
1.763	2.026e-2
1.762	2.020e-2
1.761	2.005e-2
1.760	1.998e-2
1.759	1.990e-2
1.758	1.979e-2
1.757	1.970e-2
1.756	1.955e-2
1.755	1.951e-2
1.754	1.938e-2
1.753	1.931e-2
1.752	1.920e-2
1.751	1.914e-2
1.750	1.902e-2
1.749	1.888e-2
1.748	1.885e-2
1.747	1.873e-2
1.746	1.871e-2
1.745	1.856e-2
1.744	1.845e-2
1.743	1.834e-2
1.742	1.831e-2
1.741	1.818e-2
1.740	1.809e-2
1.739	1.791e-2
1.738	1.785e-2
1.737	1.772e-2
1.736	1.767e-2
1.735	1.751e-2
1.734	1.747e-2
1.733	1.734e-2
1.732	1.726e-2
1.731	1.716e-2
1.730	1.708e-2
1.729	1.701e-2
1.728	1.686e-2
1.727	1.681e-2
1.726	1.669e-2
1.725	1.665e-2
1.724	1.653e-2
1.723	1.646e-2
1.722	1.629e-2
1.721	1.625e-2
1.720	1.611e-2
1.719	1.606e-2
1.718	1.588e-2
1.717	1.583e-2
1.716	1.573e-2
1.715	1.566e-2
1.714	1.556e-2
1.713	1.547e-2
1.712	1.539e-2
1.711	1.527e-2
1.710	1.517e-2
1.709	1.506e-2
1.708	1.498e-2
1.707	1.488e-2
1.706	1.480e-2
1.705	1.468e-2
1.704	1.469e-2
1.703	1.457e-2
1.702	1.448e-2
1.701	1.438e-2
1.700	1.431e-2
1.699	1.418e-2
1.698	1.413e-2
1.697	1.403e-2
1.696	1.390e-2
1.695	1.389e-2
1.694	1.374e-2
1.693	1.367e-2
1.692	1.361e-2
1.691	1.349e-2
1.690	1.342e-2
1.689	1.333e-2
1.688	1.325e-2
1.687	1.319e-2
1.686	1.306e-2
1.685	1.302e-2
1.684	1.292e-2
1.683	1.286e-2
1.682	1.275e-2
1.681	1.268e-2
1.680	1.257e-2
1.679	1.248e-2
1.678	1.243e-2
1.677	1.233e-2
1.676	1.229e-2
1.675	1.214e-2
1.674	1.210e-2
1.673	1.198e-2
1.672	1.193e-2
1.671	1.187e-2
1.670	1.174e-2
1.669	1.168e-2
1.668	1.159e-2
1.667	1.150e-2
1.666	1.144e-2
1.665	1.132e-2
1.664	1.124e-2
1.663	1.124e-2
1.662	1.108e-2
1.661	1.103e-2
1.660	1.092e-2
1.659	1.085e-2
1.658	1.081e-2
1.657	1.067e-2
1.656	1.060e-2
1.655	1.053e-2
1.654	1.042e-2
1.653	1.038e-2
1.652	1.026e-2
1.651	1.021e-2
1.650	1.015e-2
1.649	1.006e-2
1.648	9.967e-3
1.647	9.878e-3
1.646	9.824e-3
1.645	9.738e-3
1.644	9.633e-3
1.643	9.600e-3
1.642	9.491e-3
1.641	9.412e-3
1.640	9.374e-3
1.639	9.263e-3
1.638	9.198e-3
1.637	9.136e-3
1.636	9.054e-3
1.635	9.002e-3
1.634	8.887e-3
1.633	8.841e-3
1.632	8.769e-3
1.631	8.672e-3
1.630	8.613e-3
1.629	8.505e-3
1.628	8.496e-3
1.627	8.406e-3
1.626	8.311e-3
1.625	8.271e-3
1.624	8.168e-3
1.623	8.089e-3
1.622	8.054e-3
1.621	7.945e-3
1.620	7.904e-3
1.619	7.809e-3
1.618	7.746e-3
1.617	7.734e-3
1.616	7.616e-3
1.615	7.531e-3
1.614	7.501e-3
1.613	7.397e-3
1.612	7.331e-3
1.611	7.278e-3
1.610	7.174e-3
1.609	7.114e-3
1.608	7.058e-3
1.607	6.961e-3
1.606	6.930e-3
1.605	6.842e-3
1.604	6.771e-3
1.603	6.740e-3
1.602	6.638e-3
1.601	6.561e-3
1.600	6.545e-3
1.599	6.453e-3
1.598	6.378e-3
1.597	6.364e-3
1.596	6.245e-3
1.595	6.182e-3
1.594	6.151e-3
1.593	6.054e-3
1.592	5.995e-3
1.591	5.945e-3
1.590	5.872e-3
1.589	5.792e-3
1.588	5.728e-3
1.587	5.690e-3
1.586	5.601e-3
1.585	5.539e-3
1.584	5.507e-3
1.583	5.435e-3
1.582	5.350e-3
1.581	5.307e-3
1.580	5.253e-3
1.579	5.207e-3
1.578	5.126e-3
1.577	5.096e-3
1.576	5.049e-3
1.575	4.966e-3
1.574	4.906e-3
1.573	4.874e-3
1.572	4.800e-3
1.571	4.725e-3
1.570	4.698e-3
1.569	4.628e-3
1.568	4.553e-3
1.567	4.496e-3
1.566	4.467e-3
1.565	4.397e-3
1.564	4.327e-3
1.563	4.279e-3
1.562	4.236e-3
1.561	4.163e-3
1.560	4.107e-3
1.559	4.045e-3
1.558	4.027e-3
1.557	3.954e-3
1.556	3.886e-3
1.555	3.844e-3
1.554	3.813e-3
1.553	3.737e-3
1.552	3.672e-3
1.551	3.645e-3
1.550	3.613e-3
1.549	3.530e-3
1.548	3.470e-3
1.547	3.436e-3
1.546	3.406e-3
1.545	3.332e-3
1.544	3.276e-3
1.543	3.219e-3
1.542	3.205e-3
1.541	3.132e-3
1.540	3.068e-3
1.539	3.038e-3
1.538	3.000e-3
1.537	2.930e-3
1.536	2.877e-3
1.535	2.837e-3
1.534	2.805e-3
1.533	2.763e-3
1.532	2.704e-3
1.531	2.663e-3
1.530	2.610e-3
1.529	2.589e-3
1.528	2.528e-3
1.527	2.473e-3
1.526	2.431e-3
1.525	2.394e-3
1.524	2.371e-3
1.523	2.303e-3
1.522	2.256e-3
1.521	2.216e-3
1.520	2.196e-3
1.519	2.166e-3
1.518	2.100e-3
1.517	2.054e-3
1.516	2.013e-3
1.515	1.977e-3
1.514	1.958e-3
1.513	1.899e-3
1.512	1.861e-3
1.511	1.826e-3
1.510	1.783e-3
1.509	1.742e-3
1.508	1.721e-3
1.507	1.697e-3
1.506	1.646e-3
1.505	1.608e-3
1.504	1.565e-3
1.503	1.526e-3
1.502	1.500e-3
1.501	1.481e-3
1.500	1.437e-3
1.499	1.400e-3
1.498	1.367e-3
1.497	1.330e-3
1.496	1.293e-3
1.495	1.260e-3
1.494	1.231e-3
1.493	1.207e-3
1.492	1.185e-3
1.491	1.146e-3
1.490	1.107e-3
1.489	1.076e-3
1.488	1.047e-3
1.487	1.017e-3
1.486	9.876e-4
1.485	9.597e-4
1.484	9.325e-4
1.483	9.088e-4
1.482	8.886e-4
1.481	8.669e-4
1.480	8.412e-4
1.479	8.051e-4
1.478	7.780e-4
1.477	7.501e-4
1.476	7.249e-4
1.475	7.040e-4
1.474	6.801e-4
1.473	6.546e-4
1.472	6.317e-4
1.471	6.108e-4
1.470	5.915e-4
1.469	5.713e-4
1.468	5.536e-4
1.467	5.338e-4
1.466	5.127e-4
1.465	4.851e-4
1.464	4.631e-4
1.463	4.443e-4
1.462	4.251e-4
1.461	4.072e-4
1.460	3.886e-4
1.459	3.701e-4
1.458	3.532e-4
1.457	3.376e-4
1.456	3.211e-4
1.455	3.054e-4
1.454	2.885e-4
1.453	2.743e-4
1.452	2.585e-4
1.451	2.441e-4
1.450	2.305e-4
1.449	2.163e-4
1.448	2.042e-4
1.447	1.908e-4
1.446	1.773e-4
1.445	1.654e-4
1.444	1.523e-4
1.443	1.400e-4
1.442	1.278e-4
1.441	1.145e-4
1.440	1.038e-4
1.439	9.183e-5
1.438	8.191e-5
1.437	7.228e-5
1.436	6.255e-5
1.435	5.341e-5
1.434	4.398e-5
1.433	3.298e-5
1.432	2.492e-5
1.431	1.598e-5
1.430	8.608e-6
1.429	5.503e-7
1.428	-7.900e-6
1.427	-1.389e-5
1.426	-2.175e-5
1.425	-2.853e-5
1.424	-3.610e-5
1.423	-4.259e-5
1.422	-4.740e-5
1.421	-5.477e-5
1.420	-6.067e-5
1.419	-6.519e-5
1.418	-7.138e-5
1.417	-7.658e-5
1.416	-8.140e-5
1.415	-8.641e-5
1.414	-9.024e-5
1.413	-9.633e-5
1.412	-1.004e-4
1.411	-1.045e-4
1.410	-1.075e-4
1.409	-1.112e-4
1.408	-1.162e-4
1.407	-1.194e-4
1.406	-1.220e-4
1.405	-1.252e-4
1.404	-1.291e-4
1.403	-1.324e-4
1.402	-1.350e-4
1.401	-1.374e-4
1.400	-1.396e-4
1.399	-1.418e-4
1.398	-1.453e-4
1.397	-1.474e-4
1.396	-1.488e-4
1.395	-1.513e-4
1.394	-1.533e-4
1.393	-1.546e-4
1.392	-1.567e-4
1.391	-1.579e-4
1.390	-1.595e-4
1.389	-1.613e-4
1.388	-1.631e-4
1.387	-1.637e-4
1.386	-1.650e-4
1.385	-1.664e-4
1.384	-1.678e-4
1.383	-1.682e-4
1.382	-1.709e-4
1.381	-1.715e-4
1.380	-1.741e-4
1.379	-1.745e-4
1.378	-1.760e-4
1.377	-1.766e-4
1.376	-1.767e-4
1.375	-1.781e-4
1.374	-1.785e-4
1.373	-1.787e-4
1.372	-1.788e-4
1.371	-1.787e-4
1.370	-1.815e-4
1.369	-1.820e-4
1.368	-1.827e-4
1.367	-1.825e-4
1.366	-1.838e-4
1.365	-1.836e-4
1.364	-1.842e-4
1.363	-1.851e-4
1.362	-1.854e-4
1.361	-1.859e-4
1.360	-1.860e-4
1.359	-1.859e-4
1.358	-1.867e-4
1.357	-1.873e-4
1.356	-1.885e-4
1.355	-1.889e-4
1.354	-1.890e-4
1.353	-1.893e-4
1.352	-1.901e-4
1.351	-1.902e-4
1.350	-1.895e-4
1.349	-1.903e-4
1.348	-1.907e-4
1.347	-1.919e-4
1.346	-1.923e-4
1.345	-1.923e-4
1.344	-1.937e-4
1.343	-1.938e-4
1.342	-1.924e-4
1.341	-1.940e-4
1.340	-1.945e-4
1.339	-1.940e-4
1.338	-1.952e-4
1.337	-1.957e-4
1.336	-1.956e-4
1.335	-1.975e-4
1.334	-1.950e-4
1.333	-1.967e-4
1.332	-1.967e-4
1.331	-1.989e-4
1.330	-1.982e-4
1.329	-1.992e-4
1.328	-1.988e-4
1.327	-1.989e-4
1.326	-1.977e-4
1.325	-1.990e-4
1.324	-1.997e-4
1.323	-1.986e-4
1.322	-1.996e-4
1.321	-2.003e-4
1.320	-1.999e-4
1.319	-1.996e-4
1.318	-2.010e-4
1.317	-2.012e-4
1.316	-2.018e-4
1.315	-2.032e-4
1.314	-2.016e-4
1.313	-2.010e-4
1.312	-2.024e-4
1.311	-2.030e-4
1.310	-2.028e-4
1.309	-2.035e-4
1.308	-2.028e-4
1.307	-2.028e-4
1.306	-2.032e-4
1.305	-2.044e-4
1.304	-2.047e-4
1.303	-2.047e-4
1.302	-2.042e-4
1.301	-2.051e-4
1.300	-2.047e-4
1.299	-2.067e-4
1.298	-2.063e-4
1.297	-2.057e-4
1.296	-2.064e-4
1.295	-2.067e-4
1.294	-2.060e-4
1.293	-2.075e-4
1.292	-2.076e-4
1.291	-2.095e-4
1.290	-2.087e-4
1.289	-2.099e-4
1.288	-2.088e-4
1.287	-2.094e-4
1.286	-2.110e-4
1.285	-2.103e-4
1.284	-2.128e-4
1.283	-2.123e-4
1.282	-2.123e-4
1.281	-2.123e-4
1.280	-2.131e-4
1.279	-2.131e-4
1.278	-2.150e-4
1.277	-2.148e-4
1.276	-2.161e-4
1.275	-2.158e-4
1.274	-2.172e-4
1.273	-2.175e-4
1.272	-2.179e-4
1.271	-2.199e-4
1.270	-2.199e-4
1.269	-2.211e-4
1.268	-2.216e-4
1.267	-2.229e-4
1.266	-2.248e-4
1.265	-2.249e-4
1.264	-2.262e-4
1.263	-2.261e-4
1.262	-2.262e-4
1.261	-2.279e-4
1.260	-2.295e-4
1.259	-2.310e-4
1.258	-2.318e-4
1.257	-2.330e-4
1.256	-2.328e-4
1.255	-2.363e-4
1.254	-2.375e-4
1.253	-2.381e-4
1.252	-2.391e-4
1.251	-2.415e-4
1.250	-2.417e-4
1.249	-2.432e-4
1.248	-2.449e-4
1.247	-2.466e-4
1.246	-2.478e-4
1.245	-2.495e-4
1.244	-2.508e-4
1.243	-2.523e-4
1.242	-2.551e-4
1.241	-2.568e-4
1.240	-2.582e-4
1.239	-2.601e-4
1.238	-2.622e-4
1.237	-2.683e-4
1.236	-2.697e-4
1.235	-2.693e-4
1.234	-2.705e-4
1.233	-2.702e-4
1.232	-2.726e-4
1.231	-2.752e-4
1.230	-2.746e-4
1.229	-2.798e-4
1.228	-2.819e-4
1.227	-2.832e-4
1.226	-2.847e-4
1.225	-2.866e-4
1.224	-2.885e-4
1.223	-2.912e-4
1.222	-2.938e-4
1.221	-2.958e-4
1.220	-2.986e-4
1.219	-3.002e-4
1.218	-3.020e-4
1.217	-3.032e-4
1.216	-3.069e-4
1.215	-3.095e-4
1.214	-3.113e-4
1.213	-3.140e-4
1.212	-3.152e-4
1.211	-3.189e-4
1.210	-3.211e-4
1.209	-3.233e-4
1.208	-3.261e-4
1.207	-3.289e-4
1.206	-3.324e-4
1.205	-3.338e-4
1.204	-3.357e-4
1.203	-3.393e-4
1.202	-3.433e-4
1.201	-3.472e-4
