Results:

Channel 1:

Potential/V	Current/A

1.900	1.512e-2
1.899	1.498e-2
1.898	1.485e-2
1.897	1.475e-2
1.896	1.465e-2
1.895	1.453e-2
1.894	1.443e-2
1.893	1.436e-2
1.892	1.425e-2
1.891	1.415e-2
1.890	1.406e-2
1.889	1.393e-2
1.888	1.382e-2
1.887	1.372e-2
1.886	1.363e-2
1.885	1.357e-2
1.884	1.348e-2
1.883	1.340e-2
1.882	1.333e-2
1.881	1.325e-2
1.880	1.313e-2
1.879	1.306e-2
1.878	1.302e-2
1.877	1.294e-2
1.876	1.288e-2
1.875	1.282e-2
1.874	1.273e-2
1.873	1.263e-2
1.872	1.256e-2
1.871	1.248e-2
1.870	1.241e-2
1.869	1.234e-2
1.868	1.228e-2
1.867	1.220e-2
1.866	1.213e-2
1.865	1.207e-2
1.864	1.202e-2
1.863	1.194e-2
1.862	1.188e-2
1.861	1.178e-2
1.860	1.171e-2
1.859	1.164e-2
1.858	1.156e-2
1.857	1.150e-2
1.856	1.143e-2
1.855	1.136e-2
1.854	1.127e-2
1.853	1.122e-2
1.852	1.117e-2
1.851	1.113e-2
1.850	1.109e-2
1.849	1.100e-2
1.848	1.094e-2
1.847	1.089e-2
1.846	1.083e-2
1.845	1.077e-2
1.844	1.071e-2
1.843	1.067e-2
1.842	1.062e-2
1.841	1.057e-2
1.840	1.052e-2
1.839	1.045e-2
1.838	1.038e-2
1.837	1.032e-2
1.836	1.024e-2
1.835	1.018e-2
1.834	1.009e-2
1.833	1.004e-2
1.832	9.973e-3
1.831	9.922e-3
1.830	9.867e-3
1.829	9.801e-3
1.828	9.721e-3
1.827	9.667e-3
1.826	9.617e-3
1.825	9.560e-3
1.824	9.508e-3
1.823	9.462e-3
1.822	9.413e-3
1.821	9.363e-3
1.820	9.303e-3
1.819	9.265e-3
1.818	9.233e-3
1.817	9.190e-3
1.816	9.130e-3
1.815	9.078e-3
1.814	9.021e-3
1.813	8.970e-3
1.812	8.934e-3
1.811	8.879e-3
1.810	8.834e-3
1.809	8.791e-3
1.808	8.746e-3
1.807	8.703e-3
1.806	8.656e-3
1.805	8.612e-3
1.804	8.567e-3
1.803	8.538e-3
1.802	8.483e-3
1.801	8.429e-3
1.800	8.380e-3
1.799	8.352e-3
1.798	8.307e-3
1.797	8.278e-3
1.796	8.230e-3
1.795	8.203e-3
1.794	8.150e-3
1.793	8.108e-3
1.792	8.076e-3
1.791	8.020e-3
1.790	7.978e-3
1.789	7.955e-3
1.788	7.908e-3
1.787	7.862e-3
1.786	7.822e-3
1.785	7.778e-3
1.784	7.743e-3
1.783	7.706e-3
1.782	7.673e-3
1.781	7.616e-3
1.780	7.565e-3
1.779	7.527e-3
1.778	7.482e-3
1.777	7.432e-3
1.776	7.405e-3
1.775	7.375e-3
1.774	7.343e-3
1.773	7.310e-3
1.772	7.280e-3
1.771	7.252e-3
1.770	7.215e-3
1.769	7.181e-3
1.768	7.132e-3
1.767	7.083e-3
1.766	7.041e-3
1.765	7.007e-3
1.764	6.966e-3
1.763	6.926e-3
1.762	6.887e-3
1.761	6.849e-3
1.760	6.816e-3
1.759	6.777e-3
1.758	6.733e-3
1.757	6.703e-3
1.756	6.657e-3
1.755	6.628e-3
1.754	6.582e-3
1.753	6.522e-3
1.752	6.486e-3
1.751	6.443e-3
1.750	6.403e-3
1.749	6.377e-3
1.748	6.330e-3
1.747	6.277e-3
1.746	6.242e-3
1.745	6.209e-3
1.744	6.173e-3
1.743	6.136e-3
1.742	6.099e-3
1.741	6.064e-3
1.740	6.038e-3
1.739	6.008e-3
1.738	5.968e-3
1.737	5.935e-3
1.736	5.887e-3
1.735	5.837e-3
1.734	5.810e-3
1.733	5.771e-3
1.732	5.734e-3
1.731	5.702e-3
1.730	5.664e-3
1.729	5.635e-3
1.728	5.595e-3
1.727	5.564e-3
1.726	5.526e-3
1.725	5.488e-3
1.724	5.452e-3
1.723	5.422e-3
1.722	5.399e-3
1.721	5.352e-3
1.720	5.313e-3
1.719	5.289e-3
1.718	5.269e-3
1.717	5.244e-3
1.716	5.215e-3
1.715	5.181e-3
1.714	5.149e-3
1.713	5.108e-3
1.712	5.070e-3
1.711	5.035e-3
1.710	5.010e-3
1.709	4.978e-3
1.708	4.944e-3
1.707	4.914e-3
1.706	4.879e-3
1.705	4.843e-3
1.704	4.824e-3
1.703	4.806e-3
1.702	4.763e-3
1.701	4.731e-3
1.700	4.693e-3
1.699	4.666e-3
1.698	4.637e-3
1.697	4.615e-3
1.696	4.583e-3
1.695	4.553e-3
1.694	4.514e-3
1.693	4.480e-3
1.692	4.448e-3
1.691	4.415e-3
1.690	4.378e-3
1.689	4.346e-3
1.688	4.315e-3
1.687	4.288e-3
1.686	4.258e-3
1.685	4.230e-3
1.684	4.201e-3
1.683	4.173e-3
1.682	4.145e-3
1.681	4.123e-3
1.680	4.100e-3
1.679	4.077e-3
1.678	4.047e-3
1.677	4.019e-3
1.676	3.989e-3
1.675	3.962e-3
1.674	3.923e-3
1.673	3.890e-3
1.672	3.853e-3
1.671	3.824e-3
1.670	3.796e-3
1.669	3.769e-3
1.668	3.739e-3
1.667	3.712e-3
1.666	3.693e-3
1.665	3.674e-3
1.664	3.652e-3
1.663	3.627e-3
1.662	3.596e-3
1.661	3.567e-3
1.660	3.533e-3
1.659	3.508e-3
1.658	3.484e-3
1.657	3.458e-3
1.656	3.432e-3
1.655	3.400e-3
1.654	3.372e-3
1.653	3.351e-3
1.652	3.321e-3
1.651	3.291e-3
1.650	3.260e-3
1.649	3.236e-3
1.648	3.208e-3
1.647	3.177e-3
1.646	3.147e-3
1.645	3.123e-3
1.644	3.094e-3
1.643	3.068e-3
1.642	3.050e-3
1.641	3.033e-3
1.640	3.010e-3
1.639	2.980e-3
1.638	2.944e-3
1.637	2.915e-3
1.636	2.890e-3
1.635	2.859e-3
1.634	2.828e-3
1.633	2.802e-3
1.632	2.773e-3
1.631	2.747e-3
1.630	2.722e-3
1.629	2.698e-3
1.628	2.674e-3
1.627	2.647e-3
1.626	2.621e-3
1.625	2.602e-3
1.624	2.582e-3
1.623	2.559e-3
1.622	2.533e-3
1.621	2.507e-3
1.620	2.480e-3
1.619	2.460e-3
1.618	2.437e-3
1.617	2.409e-3
1.616	2.385e-3
1.615	2.361e-3
1.614	2.336e-3
1.613	2.310e-3
1.612	2.288e-3
1.611	2.268e-3
1.610	2.243e-3
1.609	2.220e-3
1.608	2.197e-3
1.607	2.172e-3
1.606	2.151e-3
1.605	2.132e-3
1.604	2.112e-3
1.603	2.086e-3
1.602	2.062e-3
1.601	2.042e-3
1.600	2.021e-3
1.599	1.999e-3
1.598	1.980e-3
1.597	1.958e-3
1.596	1.935e-3
1.595	1.914e-3
1.594	1.889e-3
1.593	1.869e-3
1.592	1.849e-3
1.591	1.826e-3
1.590	1.805e-3
1.589	1.787e-3
1.588	1.766e-3
1.587	1.748e-3
1.586	1.728e-3
1.585	1.710e-3
1.584	1.692e-3
1.583	1.666e-3
1.582	1.645e-3
1.581	1.625e-3
1.580	1.605e-3
1.579	1.585e-3
1.578	1.565e-3
1.577	1.548e-3
1.576	1.528e-3
1.575	1.508e-3
1.574	1.489e-3
1.573	1.470e-3
1.572	1.452e-3
1.571	1.434e-3
1.570	1.417e-3
1.569	1.399e-3
1.568	1.382e-3
1.567	1.363e-3
1.566	1.343e-3
1.565	1.323e-3
1.564	1.304e-3
1.563	1.286e-3
1.562	1.268e-3
1.561	1.249e-3
1.560	1.232e-3
1.559	1.215e-3
1.558	1.200e-3
1.557	1.182e-3
1.556	1.164e-3
1.555	1.143e-3
1.554	1.125e-3
1.553	1.110e-3
1.552	1.092e-3
1.551	1.077e-3
1.550	1.060e-3
1.549	1.043e-3
1.548	1.025e-3
1.547	1.009e-3
1.546	9.930e-4
1.545	9.767e-4
1.544	9.620e-4
1.543	9.465e-4
1.542	9.291e-4
1.541	9.150e-4
1.540	8.994e-4
1.539	8.844e-4
1.538	8.700e-4
1.537	8.540e-4
1.536	8.366e-4
1.535	8.227e-4
1.534	8.072e-4
1.533	7.935e-4
1.532	7.796e-4
1.531	7.655e-4
1.530	7.499e-4
1.529	7.362e-4
1.528	7.219e-4
1.527	7.077e-4
1.526	6.938e-4
1.525	6.821e-4
1.524	6.681e-4
1.523	6.536e-4
1.522	6.423e-4
1.521	6.276e-4
1.520	6.153e-4
1.519	6.027e-4
1.518	5.902e-4
1.517	5.747e-4
1.516	5.625e-4
1.515	5.517e-4
1.514	5.381e-4
1.513	5.254e-4
1.512	5.135e-4
1.511	5.019e-4
1.510	4.893e-4
1.509	4.769e-4
1.508	4.659e-4
1.507	4.546e-4
1.506	4.428e-4
1.505	4.321e-4
1.504	4.206e-4
1.503	4.107e-4
1.502	4.002e-4
1.501	3.895e-4
1.500	3.790e-4
1.499	3.705e-4
1.498	3.594e-4
1.497	3.489e-4
1.496	3.394e-4
1.495	3.313e-4
1.494	3.216e-4
1.493	3.111e-4
1.492	3.021e-4
1.491	2.908e-4
1.490	2.821e-4
1.489	2.733e-4
1.488	2.641e-4
1.487	2.539e-4
1.486	2.464e-4
1.485	2.376e-4
1.484	2.260e-4
1.483	2.195e-4
1.482	2.095e-4
1.481	2.021e-4
1.480	1.947e-4
1.479	1.856e-4
1.478	1.775e-4
1.477	1.704e-4
1.476	1.622e-4
1.475	1.542e-4
1.474	1.461e-4
1.473	1.415e-4
1.472	1.322e-4
1.471	1.245e-4
1.470	1.179e-4
1.469	1.110e-4
1.468	1.034e-4
1.467	9.685e-5
1.466	9.036e-5
1.465	8.397e-5
1.464	7.808e-5
1.463	7.081e-5
1.462	6.501e-5
1.461	5.960e-5
1.460	5.341e-5
1.459	4.713e-5
1.458	4.064e-5
1.457	3.504e-5
1.456	2.846e-5
1.455	2.325e-5
1.454	1.775e-5
1.453	1.293e-5
1.452	7.527e-6
1.451	2.417e-6
1.450	-2.692e-6
1.449	-8.490e-6
1.448	-1.183e-5
1.447	-1.782e-5
1.446	-2.264e-5
1.445	-2.627e-5
1.444	-3.138e-5
1.443	-3.640e-5
1.442	-4.013e-5
1.441	-4.347e-5
1.440	-4.878e-5
1.439	-5.448e-5
1.438	-5.605e-5
1.437	-6.057e-5
1.436	-6.450e-5
1.435	-6.735e-5
1.434	-7.187e-5
1.433	-7.678e-5
1.432	-7.934e-5
1.431	-8.336e-5
1.430	-8.641e-5
1.429	-8.955e-5
1.428	-9.260e-5
1.427	-9.614e-5
1.426	-9.968e-5
1.425	-1.017e-4
1.424	-1.044e-4
1.423	-1.076e-4
1.422	-1.111e-4
1.421	-1.141e-4
1.420	-1.169e-4
1.419	-1.182e-4
1.418	-1.209e-4
1.417	-1.234e-4
1.416	-1.251e-4
1.415	-1.290e-4
1.414	-1.313e-4
1.413	-1.311e-4
1.412	-1.342e-4
1.411	-1.367e-4
1.410	-1.379e-4
1.409	-1.403e-4
1.408	-1.427e-4
1.407	-1.443e-4
1.406	-1.449e-4
1.405	-1.477e-4
1.404	-1.498e-4
1.403	-1.504e-4
1.402	-1.529e-4
1.401	-1.543e-4
1.400	-1.554e-4
1.399	-1.576e-4
1.398	-1.579e-4
1.397	-1.600e-4
1.396	-1.601e-4
1.395	-1.626e-4
1.394	-1.640e-4
1.393	-1.635e-4
1.392	-1.655e-4
1.391	-1.663e-4
1.390	-1.673e-4
1.389	-1.686e-4
1.388	-1.692e-4
1.387	-1.700e-4
1.386	-1.709e-4
1.385	-1.720e-4
1.384	-1.729e-4
1.383	-1.737e-4
1.382	-1.764e-4
1.381	-1.757e-4
1.380	-1.765e-4
1.379	-1.775e-4
1.378	-1.788e-4
1.377	-1.785e-4
1.376	-1.794e-4
1.375	-1.804e-4
1.374	-1.801e-4
1.373	-1.818e-4
1.372	-1.815e-4
1.371	-1.821e-4
1.370	-1.838e-4
1.369	-1.841e-4
1.368	-1.840e-4
1.367	-1.841e-4
1.366	-1.841e-4
1.365	-1.852e-4
1.364	-1.852e-4
1.363	-1.862e-4
1.362	-1.871e-4
1.361	-1.870e-4
1.360	-1.867e-4
1.359	-1.873e-4
1.358	-1.867e-4
1.357	-1.875e-4
1.356	-1.892e-4
1.355	-1.892e-4
1.354	-1.888e-4
1.353	-1.900e-4
1.352	-1.895e-4
1.351	-1.885e-4
1.350	-1.897e-4
1.349	-1.888e-4
1.348	-1.906e-4
1.347	-1.903e-4
1.346	-1.891e-4
1.345	-1.890e-4
1.344	-1.914e-4
1.343	-1.914e-4
1.342	-1.915e-4
1.341	-1.918e-4
1.340	-1.926e-4
1.339	-1.912e-4
1.338	-1.920e-4
1.337	-1.918e-4
1.336	-1.916e-4
1.335	-1.929e-4
1.334	-1.928e-4
1.333	-1.925e-4
1.332	-1.913e-4
1.331	-1.935e-4
1.330	-1.930e-4
1.329	-1.936e-4
1.328	-1.943e-4
1.327	-1.945e-4
1.326	-1.936e-4
1.325	-1.937e-4
1.324	-1.936e-4
1.323	-1.942e-4
1.322	-1.946e-4
1.321	-1.942e-4
1.320	-1.941e-4
1.319	-1.954e-4
1.318	-1.960e-4
1.317	-1.968e-4
1.316	-1.965e-4
1.315	-1.955e-4
1.314	-1.968e-4
1.313	-1.963e-4
1.312	-1.977e-4
1.311	-1.975e-4
1.310	-1.972e-4
1.309	-1.983e-4
1.308	-1.994e-4
1.307	-1.991e-4
1.306	-2.009e-4
1.305	-2.014e-4
1.304	-2.020e-4
1.303	-2.017e-4
1.302	-2.031e-4
1.301	-2.034e-4
1.300	-2.036e-4
1.299	-2.050e-4
1.298	-2.059e-4
1.297	-2.054e-4
1.296	-2.071e-4
1.295	-2.076e-4
1.294	-2.078e-4
1.293	-2.102e-4
1.292	-2.105e-4
1.291	-2.112e-4
1.290	-2.131e-4
1.289	-2.133e-4
1.288	-2.147e-4
1.287	-2.169e-4
1.286	-2.182e-4
1.285	-2.194e-4
1.284	-2.211e-4
1.283	-2.220e-4
1.282	-2.223e-4
1.281	-2.236e-4
1.280	-2.272e-4
1.279	-2.294e-4
1.278	-2.298e-4
1.277	-2.324e-4
1.276	-2.345e-4
1.275	-2.352e-4
1.274	-2.385e-4
1.273	-2.396e-4
1.272	-2.423e-4
1.271	-2.440e-4
1.270	-2.454e-4
1.269	-2.483e-4
1.268	-2.503e-4
1.267	-2.530e-4
1.266	-2.558e-4
1.265	-2.580e-4
1.264	-2.599e-4
1.263	-2.628e-4
1.262	-2.655e-4
1.261	-2.688e-4
1.260	-2.717e-4
1.259	-2.745e-4
1.258	-2.781e-4
1.257	-2.813e-4
1.256	-2.843e-4
1.255	-2.861e-4
1.254	-2.911e-4
1.253	-2.934e-4
1.252	-2.981e-4
1.251	-3.010e-4
1.250	-3.029e-4
1.249	-3.063e-4
1.248	-3.098e-4
1.247	-3.131e-4
1.246	-3.161e-4
1.245	-3.188e-4
1.244	-3.231e-4
1.243	-3.259e-4
1.242	-3.297e-4
1.241	-3.343e-4
1.240	-3.378e-4
1.239	-3.414e-4
1.238	-3.444e-4
1.237	-3.477e-4
1.236	-3.512e-4
1.235	-3.554e-4
1.234	-3.586e-4
1.233	-3.619e-4
1.232	-3.658e-4
1.231	-3.693e-4
1.230	-3.728e-4
1.229	-3.792e-4
1.228	-3.828e-4
1.227	-3.855e-4
1.226	-3.892e-4
1.225	-3.931e-4
1.224	-3.961e-4
1.223	-3.999e-4
1.222	-4.038e-4
1.221	-4.076e-4
1.220	-4.102e-4
1.219	-4.149e-4
1.218	-4.178e-4
1.217	-4.208e-4
1.216	-4.243e-4
1.215	-4.299e-4
1.214	-4.337e-4
1.213	-4.373e-4
1.212	-4.402e-4
1.211	-4.433e-4
1.210	-4.492e-4
1.209	-4.516e-4
1.208	-4.560e-4
1.207	-4.585e-4
1.206	-4.615e-4
1.205	-4.653e-4
1.204	-4.693e-4
1.203	-4.735e-4
1.202	-4.777e-4
1.201	-4.803e-4
