Results:

Channel 1:

Potential/V	Current/A

2.200	1.491e-1
2.199	1.473e-1
2.198	1.456e-1
2.197	1.438e-1
2.196	1.422e-1
2.195	1.407e-1
2.194	1.391e-1
2.193	1.374e-1
2.192	1.356e-1
2.191	1.340e-1
2.190	1.326e-1
2.189	1.310e-1
2.188	1.295e-1
2.187	1.280e-1
2.186	1.265e-1
2.185	1.250e-1
2.184	1.236e-1
2.183	1.222e-1
2.182	1.208e-1
2.181	1.195e-1
2.180	1.182e-1
2.179	1.171e-1
2.178	1.158e-1
2.177	1.144e-1
2.176	1.132e-1
2.175	1.120e-1
2.174	1.108e-1
2.173	1.096e-1
2.172	1.084e-1
2.171	1.071e-1
2.170	1.059e-1
2.169	1.048e-1
2.168	1.036e-1
2.167	1.023e-1
2.166	1.012e-1
2.165	1.000e-1
2.164	9.901e-2
2.163	9.784e-2
2.162	9.668e-2
2.161	9.557e-2
2.160	9.443e-2
2.159	9.334e-2
2.158	9.224e-2
2.157	9.123e-2
2.156	9.029e-2
2.155	8.927e-2
2.154	8.818e-2
2.153	8.722e-2
2.152	8.631e-2
2.151	8.541e-2
2.150	8.445e-2
2.149	8.363e-2
2.148	8.266e-2
2.147	8.178e-2
2.146	8.088e-2
2.145	8.004e-2
2.144	7.916e-2
2.143	7.821e-2
2.142	7.728e-2
2.141	7.642e-2
2.140	7.567e-2
2.139	7.482e-2
2.138	7.398e-2
2.137	7.314e-2
2.136	7.226e-2
2.135	7.148e-2
2.134	7.071e-2
2.133	7.002e-2
2.132	6.920e-2
2.131	6.838e-2
2.130	6.758e-2
2.129	6.683e-2
2.128	6.601e-2
2.127	6.526e-2
2.126	6.454e-2
2.125	6.377e-2
2.124	6.307e-2
2.123	6.240e-2
2.122	6.177e-2
2.121	6.107e-2
2.120	6.034e-2
2.119	5.968e-2
2.118	5.903e-2
2.117	5.835e-2
2.116	5.770e-2
2.115	5.705e-2
2.114	5.640e-2
2.113	5.579e-2
2.112	5.517e-2
2.111	5.453e-2
2.110	5.393e-2
2.109	5.330e-2
2.108	5.267e-2
2.107	5.209e-2
2.106	5.150e-2
2.105	5.090e-2
2.104	5.030e-2
2.103	4.975e-2
2.102	4.923e-2
2.101	4.865e-2
2.100	4.803e-2
2.099	4.744e-2
2.098	4.690e-2
2.097	4.638e-2
2.096	4.585e-2
2.095	4.538e-2
2.094	4.490e-2
2.093	4.435e-2
2.092	4.389e-2
2.091	4.341e-2
2.090	4.293e-2
2.089	4.244e-2
2.088	4.197e-2
2.087	4.150e-2
2.086	4.101e-2
2.085	4.063e-2
2.084	4.009e-2
2.083	3.961e-2
2.082	3.927e-2
2.081	3.884e-2
2.080	3.834e-2
2.079	3.791e-2
2.078	3.754e-2
2.077	3.703e-2
2.076	3.661e-2
2.075	3.626e-2
2.074	3.586e-2
2.073	3.550e-2
2.072	3.506e-2
2.071	3.461e-2
2.070	3.420e-2
2.069	3.385e-2
2.068	3.354e-2
2.067	3.318e-2
2.066	3.286e-2
2.065	3.251e-2
2.064	3.208e-2
2.063	3.172e-2
2.062	3.138e-2
2.061	3.103e-2
2.060	3.064e-2
2.059	3.027e-2
2.058	2.992e-2
2.057	2.953e-2
2.056	2.921e-2
2.055	2.886e-2
2.054	2.850e-2
2.053	2.816e-2
2.052	2.788e-2
2.051	2.754e-2
2.050	2.721e-2
2.049	2.693e-2
2.048	2.664e-2
2.047	2.635e-2
2.046	2.604e-2
2.045	2.575e-2
2.044	2.552e-2
2.043	2.522e-2
2.042	2.493e-2
2.041	2.461e-2
2.040	2.437e-2
2.039	2.405e-2
2.038	2.378e-2
2.037	2.352e-2
2.036	2.326e-2
2.035	2.298e-2
2.034	2.276e-2
2.033	2.250e-2
2.032	2.224e-2
2.031	2.200e-2
2.030	2.179e-2
2.029	2.153e-2
2.028	2.129e-2
2.027	2.107e-2
2.026	2.090e-2
2.025	2.063e-2
2.024	2.040e-2
2.023	2.015e-2
2.022	1.992e-2
2.021	1.970e-2
2.020	1.947e-2
2.019	1.923e-2
2.018	1.901e-2
2.017	1.881e-2
2.016	1.859e-2
2.015	1.838e-2
2.014	1.816e-2
2.013	1.797e-2
2.012	1.776e-2
2.011	1.754e-2
2.010	1.731e-2
2.009	1.714e-2
2.008	1.697e-2
2.007	1.678e-2
2.006	1.657e-2
2.005	1.639e-2
2.004	1.621e-2
2.003	1.603e-2
2.002	1.588e-2
2.001	1.575e-2
2.000	1.556e-2
1.999	1.538e-2
1.998	1.525e-2
1.997	1.508e-2
1.996	1.486e-2
1.995	1.472e-2
1.994	1.453e-2
1.993	1.435e-2
1.992	1.420e-2
1.991	1.403e-2
1.990	1.388e-2
1.989	1.374e-2
1.988	1.359e-2
1.987	1.344e-2
1.986	1.328e-2
1.985	1.313e-2
1.984	1.300e-2
1.983	1.286e-2
1.982	1.273e-2
1.981	1.260e-2
1.980	1.250e-2
1.979	1.234e-2
1.978	1.220e-2
1.977	1.207e-2
1.976	1.195e-2
1.975	1.185e-2
1.974	1.170e-2
1.973	1.157e-2
1.972	1.145e-2
1.971	1.130e-2
1.970	1.120e-2
1.969	1.108e-2
1.968	1.095e-2
1.967	1.084e-2
1.966	1.072e-2
1.965	1.059e-2
1.964	1.048e-2
1.963	1.038e-2
1.962	1.026e-2
1.961	1.014e-2
1.960	1.004e-2
1.959	9.986e-3
1.958	9.852e-3
1.957	9.753e-3
1.956	9.660e-3
1.955	9.561e-3
1.954	9.463e-3
1.953	9.377e-3
1.952	9.278e-3
1.951	9.181e-3
1.950	9.094e-3
1.949	9.002e-3
1.948	8.926e-3
1.947	8.841e-3
1.946	8.735e-3
1.945	8.641e-3
1.944	8.554e-3
1.943	8.462e-3
1.942	8.371e-3
1.941	8.291e-3
1.940	8.206e-3
1.939	8.113e-3
1.938	8.032e-3
1.937	7.985e-3
1.936	7.922e-3
1.935	7.825e-3
1.934	7.783e-3
1.933	7.734e-3
1.932	7.685e-3
1.931	7.614e-3
1.930	7.593e-3
1.929	7.587e-3
1.928	7.548e-3
1.927	7.473e-3
1.926	7.398e-3
1.925	7.315e-3
1.924	7.264e-3
1.923	7.196e-3
1.922	7.128e-3
1.921	7.033e-3
1.920	6.953e-3
1.919	6.866e-3
1.918	6.832e-3
1.917	6.764e-3
1.916	6.686e-3
1.915	6.638e-3
1.914	6.571e-3
1.913	6.500e-3
1.912	6.440e-3
1.911	6.362e-3
1.910	6.288e-3
1.909	6.249e-3
1.908	6.179e-3
1.907	6.112e-3
1.906	6.054e-3
1.905	5.986e-3
1.904	5.892e-3
1.903	5.831e-3
1.902	5.776e-3
1.901	5.689e-3
1.900	5.612e-3
1.899	5.566e-3
1.898	5.493e-3
1.897	5.436e-3
1.896	5.356e-3
1.895	5.269e-3
1.894	5.202e-3
1.893	5.148e-3
1.892	5.092e-3
1.891	5.045e-3
1.890	4.992e-3
1.889	4.927e-3
1.888	4.860e-3
1.887	4.800e-3
1.886	4.752e-3
1.885	4.697e-3
1.884	4.650e-3
1.883	4.603e-3
1.882	4.548e-3
1.881	4.496e-3
1.880	4.462e-3
1.879	4.423e-3
1.878	4.385e-3
1.877	4.335e-3
1.876	4.293e-3
1.875	4.240e-3
1.874	4.193e-3
1.873	4.154e-3
1.872	4.120e-3
1.871	4.060e-3
1.870	4.037e-3
1.869	4.013e-3
1.868	3.933e-3
1.867	3.909e-3
1.866	3.875e-3
1.865	3.832e-3
1.864	3.792e-3
1.863	3.762e-3
1.862	3.706e-3
1.861	3.658e-3
1.860	3.611e-3
1.859	3.580e-3
1.858	3.522e-3
1.857	3.499e-3
1.856	3.459e-3
1.855	3.415e-3
1.854	3.372e-3
1.853	3.345e-3
1.852	3.315e-3
1.851	3.289e-3
1.850	3.266e-3
1.849	3.228e-3
1.848	3.180e-3
1.847	3.142e-3
1.846	3.114e-3
1.845	3.094e-3
1.844	3.059e-3
1.843	3.022e-3
1.842	3.035e-3
1.841	3.051e-3
1.840	3.031e-3
1.839	2.968e-3
1.838	2.940e-3
1.837	2.888e-3
1.836	2.838e-3
1.835	2.826e-3
1.834	2.811e-3
1.833	2.787e-3
1.832	2.756e-3
1.831	2.726e-3
1.830	2.689e-3
1.829	2.662e-3
1.828	2.641e-3
1.827	2.619e-3
1.826	2.593e-3
1.825	2.589e-3
1.824	2.565e-3
1.823	2.524e-3
1.822	2.487e-3
1.821	2.444e-3
1.820	2.422e-3
1.819	2.410e-3
1.818	2.394e-3
1.817	2.366e-3
1.816	2.351e-3
1.815	2.333e-3
1.814	2.357e-3
1.813	2.336e-3
1.812	2.319e-3
1.811	2.307e-3
1.810	2.293e-3
1.809	2.337e-3
1.808	2.305e-3
1.807	2.283e-3
1.806	2.273e-3
1.805	2.264e-3
1.804	2.274e-3
1.803	2.251e-3
1.802	2.209e-3
1.801	2.165e-3
1.800	2.126e-3
1.799	2.093e-3
1.798	2.040e-3
1.797	2.000e-3
1.796	1.969e-3
1.795	1.952e-3
1.794	1.960e-3
1.793	1.926e-3
1.792	1.876e-3
1.791	1.837e-3
1.790	1.819e-3
1.789	1.836e-3
1.788	1.808e-3
1.787	1.764e-3
1.786	1.736e-3
1.785	1.711e-3
1.784	1.695e-3
1.783	1.673e-3
1.782	1.645e-3
1.781	1.631e-3
1.780	1.617e-3
1.779	1.624e-3
1.778	1.642e-3
1.777	1.633e-3
1.776	1.616e-3
1.775	1.586e-3
1.774	1.590e-3
1.773	1.590e-3
1.772	1.548e-3
1.771	1.506e-3
1.770	1.473e-3
1.769	1.467e-3
1.768	1.478e-3
1.767	1.471e-3
1.766	1.421e-3
1.765	1.405e-3
1.764	1.400e-3
1.763	1.385e-3
1.762	1.373e-3
1.761	1.379e-3
1.760	1.365e-3
1.759	1.334e-3
1.758	1.309e-3
1.757	1.286e-3
1.756	1.267e-3
1.755	1.246e-3
1.754	1.217e-3
1.753	1.220e-3
1.752	1.200e-3
1.751	1.184e-3
1.750	1.162e-3
1.749	1.139e-3
1.748	1.124e-3
1.747	1.099e-3
1.746	1.082e-3
1.745	1.069e-3
1.744	1.051e-3
1.743	1.027e-3
1.742	1.019e-3
1.741	9.965e-4
1.740	9.848e-4
1.739	9.824e-4
1.738	9.720e-4
1.737	9.600e-4
1.736	9.519e-4
1.735	9.299e-4
1.734	9.272e-4
1.733	9.272e-4
1.732	9.436e-4
1.731	9.121e-4
1.730	8.841e-4
1.729	8.757e-4
1.728	8.612e-4
1.727	8.462e-4
1.726	8.406e-4
1.725	8.191e-4
1.724	8.117e-4
1.723	8.093e-4
1.722	7.912e-4
1.721	7.751e-4
1.720	7.710e-4
1.719	7.516e-4
1.718	7.445e-4
1.717	7.315e-4
1.716	7.227e-4
1.715	7.186e-4
1.714	7.100e-4
1.713	7.015e-4
1.712	6.918e-4
1.711	6.823e-4
1.710	6.699e-4
1.709	6.528e-4
1.708	6.598e-4
1.707	6.487e-4
1.706	6.151e-4
1.705	6.034e-4
1.704	5.865e-4
1.703	5.734e-4
1.702	5.554e-4
1.701	5.492e-4
1.700	5.497e-4
1.699	5.482e-4
1.698	5.386e-4
1.697	5.278e-4
1.696	5.155e-4
1.695	5.097e-4
1.694	5.025e-4
1.693	4.871e-4
1.692	4.686e-4
1.691	4.656e-4
1.690	4.474e-4
1.689	4.367e-4
1.688	4.326e-4
1.687	4.193e-4
1.686	4.128e-4
1.685	4.043e-4
1.684	3.915e-4
1.683	3.761e-4
1.682	3.632e-4
1.681	3.537e-4
1.680	3.410e-4
1.679	3.321e-4
1.678	3.240e-4
1.677	3.072e-4
1.676	3.033e-4
1.675	2.982e-4
1.674	2.842e-4
1.673	2.711e-4
1.672	2.694e-4
1.671	2.605e-4
1.670	2.560e-4
1.669	2.476e-4
1.668	2.272e-4
1.667	2.164e-4
1.666	2.022e-4
1.665	1.934e-4
1.664	1.780e-4
1.663	1.716e-4
1.662	1.721e-4
1.661	1.571e-4
1.660	1.425e-4
1.659	1.410e-4
1.658	1.261e-4
1.657	1.087e-4
1.656	1.075e-4
1.655	9.724e-5
1.654	8.849e-5
1.653	7.277e-5
1.652	5.774e-5
1.651	4.781e-5
1.650	4.035e-5
1.649	3.474e-5
1.648	2.079e-5
1.647	8.804e-6
1.646	5.758e-6
1.645	-1.173e-5
1.644	-2.372e-5
1.643	-2.382e-5
1.642	-4.327e-5
1.641	-5.172e-5
1.640	-5.811e-5
1.639	-7.649e-5
1.638	-9.958e-5
1.637	-1.010e-4
1.636	-1.085e-4
1.635	-1.216e-4
1.634	-1.301e-4
1.633	-1.319e-4
1.632	-1.432e-4
1.631	-1.577e-4
1.630	-1.625e-4
1.629	-1.739e-4
1.628	-1.857e-4
1.627	-1.897e-4
1.626	-2.027e-4
1.625	-2.170e-4
1.624	-2.236e-4
1.623	-2.323e-4
1.622	-2.341e-4
1.621	-2.492e-4
1.620	-2.606e-4
1.619	-2.687e-4
1.618	-2.775e-4
1.617	-2.844e-4
1.616	-2.953e-4
1.615	-3.096e-4
1.614	-3.100e-4
1.613	-3.270e-4
1.612	-3.444e-4
1.611	-3.577e-4
1.610	-3.702e-4
1.609	-3.761e-4
1.608	-3.831e-4
1.607	-3.963e-4
1.606	-4.012e-4
1.605	-4.123e-4
1.604	-4.292e-4
1.603	-4.355e-4
1.602	-4.475e-4
1.601	-4.587e-4
1.600	-4.716e-4
1.599	-4.864e-4
1.598	-4.906e-4
1.597	-4.995e-4
1.596	-5.107e-4
1.595	-5.118e-4
1.594	-5.327e-4
1.593	-5.443e-4
1.592	-5.490e-4
1.591	-5.642e-4
1.590	-5.744e-4
1.589	-5.950e-4
1.588	-6.049e-4
1.587	-6.181e-4
1.586	-6.326e-4
1.585	-6.396e-4
1.584	-6.542e-4
1.583	-6.686e-4
1.582	-6.776e-4
1.581	-6.967e-4
1.580	-7.070e-4
1.579	-7.148e-4
1.578	-7.330e-4
1.577	-7.464e-4
1.576	-7.530e-4
1.575	-7.679e-4
1.574	-7.824e-4
1.573	-7.908e-4
1.572	-8.042e-4
1.571	-8.182e-4
1.570	-8.352e-4
1.569	-8.426e-4
1.568	-8.594e-4
1.567	-8.755e-4
1.566	-8.806e-4
1.565	-8.930e-4
1.564	-9.051e-4
1.563	-9.090e-4
1.562	-9.289e-4
1.561	-9.372e-4
1.560	-9.476e-4
1.559	-9.622e-4
1.558	-9.703e-4
1.557	-9.798e-4
1.556	-9.950e-4
1.555	-1.008e-3
1.554	-1.013e-3
1.553	-1.022e-3
1.552	-1.038e-3
1.551	-1.052e-3
1.550	-1.055e-3
1.549	-1.077e-3
1.548	-1.094e-3
1.547	-1.097e-3
1.546	-1.111e-3
1.545	-1.124e-3
1.544	-1.144e-3
1.543	-1.168e-3
1.542	-1.178e-3
1.541	-1.190e-3
1.540	-1.199e-3
1.539	-1.209e-3
1.538	-1.218e-3
1.537	-1.232e-3
1.536	-1.253e-3
1.535	-1.264e-3
1.534	-1.267e-3
1.533	-1.282e-3
1.532	-1.290e-3
1.531	-1.296e-3
1.530	-1.311e-3
1.529	-1.328e-3
1.528	-1.330e-3
1.527	-1.343e-3
1.526	-1.350e-3
1.525	-1.358e-3
1.524	-1.373e-3
1.523	-1.387e-3
1.522	-1.394e-3
1.521	-1.400e-3
1.520	-1.411e-3
1.519	-1.421e-3
1.518	-1.426e-3
1.517	-1.439e-3
1.516	-1.448e-3
1.515	-1.452e-3
1.514	-1.461e-3
1.513	-1.468e-3
1.512	-1.474e-3
1.511	-1.486e-3
1.510	-1.496e-3
1.509	-1.502e-3
1.508	-1.512e-3
1.507	-1.515e-3
1.506	-1.523e-3
1.505	-1.526e-3
1.504	-1.535e-3
1.503	-1.541e-3
1.502	-1.537e-3
1.501	-1.546e-3
1.500	-1.552e-3
1.499	-1.549e-3
1.498	-1.561e-3
1.497	-1.565e-3
1.496	-1.564e-3
1.495	-1.570e-3
1.494	-1.569e-3
1.493	-1.572e-3
1.492	-1.576e-3
1.491	-1.579e-3
1.490	-1.580e-3
1.489	-1.577e-3
1.488	-1.581e-3
1.487	-1.587e-3
1.486	-1.582e-3
1.485	-1.590e-3
1.484	-1.593e-3
1.483	-1.587e-3
1.482	-1.594e-3
1.481	-1.595e-3
1.480	-1.591e-3
1.479	-1.595e-3
1.478	-1.594e-3
1.477	-1.592e-3
1.476	-1.592e-3
1.475	-1.591e-3
1.474	-1.592e-3
1.473	-1.587e-3
1.472	-1.594e-3
1.471	-1.593e-3
1.470	-1.587e-3
1.469	-1.592e-3
1.468	-1.592e-3
1.467	-1.582e-3
1.466	-1.588e-3
1.465	-1.588e-3
1.464	-1.585e-3
1.463	-1.587e-3
1.462	-1.585e-3
1.461	-1.581e-3
1.460	-1.582e-3
1.459	-1.584e-3
1.458	-1.584e-3
1.457	-1.582e-3
1.456	-1.581e-3
1.455	-1.581e-3
1.454	-1.577e-3
1.453	-1.579e-3
1.452	-1.579e-3
1.451	-1.572e-3
1.450	-1.578e-3
1.449	-1.576e-3
1.448	-1.570e-3
1.447	-1.575e-3
1.446	-1.574e-3
1.445	-1.570e-3
1.444	-1.571e-3
1.443	-1.570e-3
1.442	-1.569e-3
1.441	-1.566e-3
1.440	-1.569e-3
1.439	-1.569e-3
1.438	-1.563e-3
1.437	-1.565e-3
1.436	-1.566e-3
1.435	-1.559e-3
1.434	-1.567e-3
1.433	-1.566e-3
1.432	-1.559e-3
1.431	-1.562e-3
1.430	-1.559e-3
1.429	-1.559e-3
1.428	-1.556e-3
1.427	-1.559e-3
1.426	-1.559e-3
1.425	-1.556e-3
1.424	-1.554e-3
1.423	-1.557e-3
1.422	-1.549e-3
1.421	-1.556e-3
1.420	-1.555e-3
1.419	-1.550e-3
1.418	-1.552e-3
1.417	-1.549e-3
1.416	-1.549e-3
1.415	-1.552e-3
1.414	-1.550e-3
1.413	-1.548e-3
1.412	-1.550e-3
1.411	-1.547e-3
1.410	-1.547e-3
1.409	-1.545e-3
1.408	-1.549e-3
1.407	-1.548e-3
1.406	-1.543e-3
1.405	-1.547e-3
1.404	-1.546e-3
1.403	-1.542e-3
1.402	-1.546e-3
1.401	-1.547e-3
1.400	-1.543e-3
1.399	-1.547e-3
1.398	-1.545e-3
1.397	-1.540e-3
1.396	-1.543e-3
1.395	-1.547e-3
1.394	-1.547e-3
1.393	-1.543e-3
1.392	-1.545e-3
1.391	-1.547e-3
1.390	-1.542e-3
1.389	-1.547e-3
1.388	-1.549e-3
1.387	-1.542e-3
1.386	-1.547e-3
1.385	-1.548e-3
1.384	-1.544e-3
1.383	-1.550e-3
1.382	-1.551e-3
1.381	-1.551e-3
1.380	-1.554e-3
1.379	-1.552e-3
1.378	-1.553e-3
1.377	-1.553e-3
1.376	-1.558e-3
1.375	-1.561e-3
1.374	-1.556e-3
1.373	-1.559e-3
1.372	-1.564e-3
1.371	-1.559e-3
1.370	-1.567e-3
1.369	-1.570e-3
1.368	-1.569e-3
1.367	-1.575e-3
1.366	-1.573e-3
1.365	-1.575e-3
1.364	-1.581e-3
1.363	-1.583e-3
1.362	-1.586e-3
1.361	-1.589e-3
1.360	-1.592e-3
1.359	-1.599e-3
1.358	-1.597e-3
1.357	-1.607e-3
1.356	-1.611e-3
1.355	-1.611e-3
1.354	-1.620e-3
1.353	-1.625e-3
1.352	-1.626e-3
1.351	-1.638e-3
1.350	-1.643e-3
1.349	-1.647e-3
1.348	-1.656e-3
1.347	-1.662e-3
1.346	-1.668e-3
1.345	-1.676e-3
1.344	-1.687e-3
1.343	-1.696e-3
1.342	-1.701e-3
1.341	-1.714e-3
1.340	-1.726e-3
1.339	-1.730e-3
1.338	-1.747e-3
1.337	-1.758e-3
1.336	-1.767e-3
1.335	-1.782e-3
1.334	-1.794e-3
1.333	-1.805e-3
1.332	-1.825e-3
1.331	-1.844e-3
1.330	-1.858e-3
1.329	-1.868e-3
1.328	-1.885e-3
1.327	-1.902e-3
1.326	-1.914e-3
1.325	-1.936e-3
1.324	-1.953e-3
1.323	-1.962e-3
1.322	-1.983e-3
1.321	-2.000e-3
1.320	-2.011e-3
1.319	-2.032e-3
1.318	-2.051e-3
1.317	-2.063e-3
1.316	-2.078e-3
1.315	-2.091e-3
1.314	-2.107e-3
1.313	-2.121e-3
1.312	-2.138e-3
1.311	-2.150e-3
1.310	-2.159e-3
1.309	-2.174e-3
1.308	-2.188e-3
1.307	-2.194e-3
1.306	-2.209e-3
1.305	-2.221e-3
1.304	-2.227e-3
1.303	-2.242e-3
1.302	-2.247e-3
1.301	-2.254e-3
1.300	-2.262e-3
1.299	-2.271e-3
1.298	-2.280e-3
1.297	-2.282e-3
1.296	-2.291e-3
1.295	-2.298e-3
1.294	-2.297e-3
1.293	-2.307e-3
1.292	-2.315e-3
1.291	-2.310e-3
1.290	-2.320e-3
1.289	-2.324e-3
1.288	-2.323e-3
1.287	-2.331e-3
1.286	-2.332e-3
1.285	-2.335e-3
1.284	-2.339e-3
1.283	-2.339e-3
1.282	-2.342e-3
1.281	-2.342e-3
1.280	-2.350e-3
1.279	-2.352e-3
1.278	-2.348e-3
1.277	-2.356e-3
1.276	-2.357e-3
1.275	-2.355e-3
1.274	-2.360e-3
1.273	-2.362e-3
1.272	-2.361e-3
1.271	-2.365e-3
1.270	-2.366e-3
1.269	-2.369e-3
1.268	-2.371e-3
1.267	-2.377e-3
1.266	-2.380e-3
1.265	-2.380e-3
1.264	-2.384e-3
1.263	-2.389e-3
1.262	-2.387e-3
1.261	-2.398e-3
1.260	-2.403e-3
1.259	-2.400e-3
1.258	-2.410e-3
1.257	-2.415e-3
1.256	-2.418e-3
1.255	-2.430e-3
1.254	-2.436e-3
1.253	-2.439e-3
1.252	-2.447e-3
1.251	-2.454e-3
1.250	-2.464e-3
1.249	-2.469e-3
1.248	-2.480e-3
1.247	-2.490e-3
1.246	-2.493e-3
1.245	-2.506e-3
1.244	-2.514e-3
1.243	-2.520e-3
1.242	-2.537e-3
1.241	-2.545e-3
1.240	-2.551e-3
1.239	-2.565e-3
1.238	-2.575e-3
1.237	-2.584e-3
1.236	-2.598e-3
1.235	-2.607e-3
1.234	-2.620e-3
1.233	-2.630e-3
1.232	-2.642e-3
1.231	-2.653e-3
1.230	-2.659e-3
1.229	-2.684e-3
1.228	-2.696e-3
1.227	-2.698e-3
1.226	-2.709e-3
1.225	-2.720e-3
1.224	-2.727e-3
1.223	-2.741e-3
1.222	-2.749e-3
1.221	-2.756e-3
1.220	-2.768e-3
1.219	-2.775e-3
1.218	-2.783e-3
1.217	-2.792e-3
1.216	-2.804e-3
1.215	-2.811e-3
1.214	-2.817e-3
1.213	-2.826e-3
1.212	-2.836e-3
1.211	-2.839e-3
1.210	-2.850e-3
1.209	-2.859e-3
1.208	-2.861e-3
1.207	-2.872e-3
1.206	-2.876e-3
1.205	-2.881e-3
1.204	-2.892e-3
1.203	-2.900e-3
1.202	-2.905e-3
1.201	-2.910e-3
