Results:

Channel 1:
Potential/V	Current/A

2.200	1.947e-1
2.199	1.922e-1
2.198	1.896e-1
2.197	1.871e-1
2.196	1.846e-1
2.195	1.823e-1
2.194	1.798e-1
2.193	1.773e-1
2.192	1.751e-1
2.191	1.731e-1
2.190	1.710e-1
2.189	1.688e-1
2.188	1.667e-1
2.187	1.645e-1
2.186	1.625e-1
2.185	1.604e-1
2.184	1.585e-1
2.183	1.566e-1
2.182	1.546e-1
2.181	1.528e-1
2.180	1.510e-1
2.179	1.492e-1
2.178	1.474e-1
2.177	1.456e-1
2.176	1.437e-1
2.175	1.421e-1
2.174	1.403e-1
2.173	1.388e-1
2.172	1.374e-1
2.171	1.361e-1
2.170	1.344e-1
2.169	1.327e-1
2.168	1.310e-1
2.167	1.293e-1
2.166	1.278e-1
2.165	1.263e-1
2.164	1.248e-1
2.163	1.233e-1
2.162	1.217e-1
2.161	1.205e-1
2.160	1.191e-1
2.159	1.175e-1
2.158	1.160e-1
2.157	1.145e-1
2.156	1.131e-1
2.155	1.118e-1
2.154	1.105e-1
2.153	1.092e-1
2.152	1.078e-1
2.151	1.064e-1
2.150	1.051e-1
2.149	1.038e-1
2.148	1.026e-1
2.147	1.014e-1
2.146	1.001e-1
2.145	9.902e-2
2.144	9.779e-2
2.143	9.668e-2
2.142	9.563e-2
2.141	9.451e-2
2.140	9.332e-2
2.139	9.225e-2
2.138	9.127e-2
2.137	9.023e-2
2.136	8.917e-2
2.135	8.800e-2
2.134	8.696e-2
2.133	8.586e-2
2.132	8.484e-2
2.131	8.393e-2
2.130	8.294e-2
2.129	8.183e-2
2.128	8.088e-2
2.127	8.009e-2
2.126	7.907e-2
2.125	7.809e-2
2.124	7.717e-2
2.123	7.630e-2
2.122	7.538e-2
2.121	7.447e-2
2.120	7.358e-2
2.119	7.275e-2
2.118	7.196e-2
2.117	7.111e-2
2.116	7.025e-2
2.115	6.944e-2
2.114	6.860e-2
2.113	6.778e-2
2.112	6.698e-2
2.111	6.621e-2
2.110	6.547e-2
2.109	6.469e-2
2.108	6.397e-2
2.107	6.322e-2
2.106	6.244e-2
2.105	6.172e-2
2.104	6.098e-2
2.103	6.023e-2
2.102	5.954e-2
2.101	5.886e-2
2.100	5.813e-2
2.099	5.743e-2
2.098	5.674e-2
2.097	5.604e-2
2.096	5.534e-2
2.095	5.471e-2
2.094	5.406e-2
2.093	5.339e-2
2.092	5.282e-2
2.091	5.238e-2
2.090	5.174e-2
2.089	5.109e-2
2.088	5.048e-2
2.087	4.984e-2
2.086	4.926e-2
2.085	4.870e-2
2.084	4.814e-2
2.083	4.757e-2
2.082	4.702e-2
2.081	4.642e-2
2.080	4.589e-2
2.079	4.539e-2
2.078	4.483e-2
2.077	4.424e-2
2.076	4.373e-2
2.075	4.323e-2
2.074	4.260e-2
2.073	4.207e-2
2.072	4.163e-2
2.071	4.109e-2
2.070	4.059e-2
2.069	4.013e-2
2.068	3.970e-2
2.067	3.921e-2
2.066	3.874e-2
2.065	3.827e-2
2.064	3.780e-2
2.063	3.734e-2
2.062	3.689e-2
2.061	3.643e-2
2.060	3.597e-2
2.059	3.553e-2
2.058	3.511e-2
2.057	3.468e-2
2.056	3.428e-2
2.055	3.395e-2
2.054	3.356e-2
2.053	3.313e-2
2.052	3.275e-2
2.051	3.235e-2
2.050	3.193e-2
2.049	3.151e-2
2.048	3.108e-2
2.047	3.072e-2
2.046	3.036e-2
2.045	3.000e-2
2.044	2.962e-2
2.043	2.926e-2
2.042	2.889e-2
2.041	2.853e-2
2.040	2.821e-2
2.039	2.789e-2
2.038	2.756e-2
2.037	2.722e-2
2.036	2.690e-2
2.035	2.659e-2
2.034	2.623e-2
2.033	2.591e-2
2.032	2.561e-2
2.031	2.532e-2
2.030	2.504e-2
2.029	2.473e-2
2.028	2.444e-2
2.027	2.416e-2
2.026	2.385e-2
2.025	2.359e-2
2.024	2.330e-2
2.023	2.303e-2
2.022	2.278e-2
2.021	2.249e-2
2.020	2.220e-2
2.019	2.192e-2
2.018	2.163e-2
2.017	2.138e-2
2.016	2.112e-2
2.015	2.088e-2
2.014	2.070e-2
2.013	2.045e-2
2.012	2.017e-2
2.011	1.990e-2
2.010	1.966e-2
2.009	1.943e-2
2.008	1.921e-2
2.007	1.898e-2
2.006	1.876e-2
2.005	1.853e-2
2.004	1.830e-2
2.003	1.810e-2
2.002	1.787e-2
2.001	1.768e-2
2.000	1.745e-2
1.999	1.723e-2
1.998	1.707e-2
1.997	1.687e-2
1.996	1.667e-2
1.995	1.646e-2
1.994	1.625e-2
1.993	1.603e-2
1.992	1.586e-2
1.991	1.568e-2
1.990	1.549e-2
1.989	1.532e-2
1.988	1.515e-2
1.987	1.497e-2
1.986	1.475e-2
1.985	1.459e-2
1.984	1.443e-2
1.983	1.425e-2
1.982	1.413e-2
1.981	1.397e-2
1.980	1.381e-2
1.979	1.364e-2
1.978	1.349e-2
1.977	1.333e-2
1.976	1.316e-2
1.975	1.302e-2
1.974	1.290e-2
1.973	1.274e-2
1.972	1.257e-2
1.971	1.241e-2
1.970	1.227e-2
1.969	1.214e-2
1.968	1.201e-2
1.967	1.186e-2
1.966	1.175e-2
1.965	1.159e-2
1.964	1.145e-2
1.963	1.133e-2
1.962	1.119e-2
1.961	1.107e-2
1.960	1.095e-2
1.959	1.080e-2
1.958	1.067e-2
1.957	1.056e-2
1.956	1.044e-2
1.955	1.032e-2
1.954	1.020e-2
1.953	1.009e-2
1.952	9.977e-3
1.951	9.872e-3
1.950	9.760e-3
1.949	9.639e-3
1.948	9.536e-3
1.947	9.444e-3
1.946	9.332e-3
1.945	9.228e-3
1.944	9.154e-3
1.943	9.049e-3
1.942	8.931e-3
1.941	8.833e-3
1.940	8.729e-3
1.939	8.624e-3
1.938	8.542e-3
1.937	8.442e-3
1.936	8.334e-3
1.935	8.232e-3
1.934	8.143e-3
1.933	8.078e-3
1.932	7.984e-3
1.931	7.879e-3
1.930	7.776e-3
1.929	7.686e-3
1.928	7.602e-3
1.927	7.509e-3
1.926	7.423e-3
1.925	7.332e-3
1.924	7.257e-3
1.923	7.167e-3
1.922	7.070e-3
1.921	6.988e-3
1.920	6.908e-3
1.919	6.825e-3
1.918	6.763e-3
1.917	6.676e-3
1.916	6.595e-3
1.915	6.530e-3
1.914	6.439e-3
1.913	6.350e-3
1.912	6.281e-3
1.911	6.210e-3
1.910	6.146e-3
1.909	6.072e-3
1.908	6.000e-3
1.907	5.912e-3
1.906	5.829e-3
1.905	5.762e-3
1.904	5.686e-3
1.903	5.610e-3
1.902	5.546e-3
1.901	5.471e-3
1.900	5.402e-3
1.899	5.359e-3
1.898	5.282e-3
1.897	5.222e-3
1.896	5.187e-3
1.895	5.094e-3
1.894	5.018e-3
1.893	4.961e-3
1.892	4.896e-3
1.891	4.839e-3
1.890	4.773e-3
1.889	4.731e-3
1.888	4.670e-3
1.887	4.603e-3
1.886	4.550e-3
1.885	4.488e-3
1.884	4.437e-3
1.883	4.387e-3
1.882	4.322e-3
1.881	4.263e-3
1.880	4.213e-3
1.879	4.156e-3
1.878	4.111e-3
1.877	4.055e-3
1.876	4.015e-3
1.875	3.971e-3
1.874	3.899e-3
1.873	3.846e-3
1.872	3.799e-3
1.871	3.752e-3
1.870	3.717e-3
1.869	3.668e-3
1.868	3.614e-3
1.867	3.569e-3
1.866	3.520e-3
1.865	3.472e-3
1.864	3.438e-3
1.863	3.391e-3
1.862	3.353e-3
1.861	3.309e-3
1.860	3.266e-3
1.859	3.228e-3
1.858	3.183e-3
1.857	3.142e-3
1.856	3.099e-3
1.855	3.056e-3
1.854	3.033e-3
1.853	2.985e-3
1.852	2.949e-3
1.851	2.927e-3
1.850	2.876e-3
1.849	2.840e-3
1.848	2.817e-3
1.847	2.777e-3
1.846	2.743e-3
1.845	2.717e-3
1.844	2.687e-3
1.843	2.649e-3
1.842	2.620e-3
1.841	2.601e-3
1.840	2.566e-3
1.839	2.532e-3
1.838	2.519e-3
1.837	2.483e-3
1.836	2.449e-3
1.835	2.417e-3
1.834	2.389e-3
1.833	2.361e-3
1.832	2.344e-3
1.831	2.308e-3
1.830	2.281e-3
1.829	2.251e-3
1.828	2.224e-3
1.827	2.202e-3
1.826	2.176e-3
1.825	2.154e-3
1.824	2.119e-3
1.823	2.097e-3
1.822	2.071e-3
1.821	2.052e-3
1.820	2.026e-3
1.819	2.011e-3
1.818	1.973e-3
1.817	1.954e-3
1.816	1.940e-3
1.815	1.913e-3
1.814	1.889e-3
1.813	1.868e-3
1.812	1.839e-3
1.811	1.818e-3
1.810	1.795e-3
1.809	1.766e-3
1.808	1.751e-3
1.807	1.727e-3
1.806	1.718e-3
1.805	1.688e-3
1.804	1.661e-3
1.803	1.655e-3
1.802	1.624e-3
1.801	1.608e-3
1.800	1.583e-3
1.799	1.560e-3
1.798	1.542e-3
1.797	1.522e-3
1.796	1.510e-3
1.795	1.493e-3
1.794	1.467e-3
1.793	1.444e-3
1.792	1.419e-3
1.791	1.393e-3
1.790	1.385e-3
1.789	1.365e-3
1.788	1.341e-3
1.787	1.335e-3
1.786	1.308e-3
1.785	1.285e-3
1.784	1.280e-3
1.783	1.267e-3
1.782	1.255e-3
1.781	1.231e-3
1.780	1.210e-3
1.779	1.188e-3
1.778	1.170e-3
1.777	1.151e-3
1.776	1.137e-3
1.775	1.120e-3
1.774	1.110e-3
1.773	1.091e-3
1.772	1.062e-3
1.771	1.051e-3
1.770	1.030e-3
1.769	1.011e-3
1.768	1.004e-3
1.767	9.835e-4
1.766	9.728e-4
1.765	9.611e-4
1.764	9.491e-4
1.763	9.303e-4
1.762	9.167e-4
1.761	9.081e-4
1.760	8.840e-4
1.759	8.686e-4
1.758	8.634e-4
1.757	8.469e-4
1.756	8.345e-4
1.755	8.281e-4
1.754	8.087e-4
1.753	7.835e-4
1.752	7.753e-4
1.751	7.602e-4
1.750	7.517e-4
1.749	7.354e-4
1.748	7.204e-4
1.747	7.020e-4
1.746	6.829e-4
1.745	6.728e-4
1.744	6.576e-4
1.743	6.403e-4
1.742	6.369e-4
1.741	6.079e-4
1.740	5.962e-4
1.739	6.020e-4
1.738	5.832e-4
1.737	5.752e-4
1.736	5.645e-4
1.735	5.405e-4
1.734	5.324e-4
1.733	5.169e-4
1.732	5.015e-4
1.731	4.920e-4
1.730	4.835e-4
1.729	4.737e-4
1.728	4.569e-4
1.727	4.486e-4
1.726	4.411e-4
1.725	4.242e-4
1.724	4.052e-4
1.723	4.008e-4
1.722	3.808e-4
1.721	3.745e-4
1.720	3.705e-4
1.719	3.609e-4
1.718	3.515e-4
1.717	3.458e-4
1.716	3.319e-4
1.715	3.179e-4
1.714	3.067e-4
1.713	2.953e-4
1.712	2.760e-4
1.711	2.637e-4
1.710	2.620e-4
1.709	2.514e-4
1.708	2.433e-4
1.707	2.430e-4
1.706	2.247e-4
1.705	2.126e-4
1.704	2.057e-4
1.703	1.892e-4
1.702	1.838e-4
1.701	1.667e-4
1.700	1.445e-4
1.699	1.379e-4
1.698	1.347e-4
1.697	1.351e-4
1.696	1.190e-4
1.695	1.029e-4
1.694	1.003e-4
1.693	8.122e-5
1.692	7.032e-5
1.691	6.796e-5
1.690	5.902e-5
1.689	4.398e-5
1.688	3.140e-5
1.687	2.453e-5
1.686	2.276e-5
1.685	9.492e-6
1.684	-5.051e-6
1.683	-2.431e-5
1.682	-3.699e-5
1.681	-4.200e-5
1.680	-5.821e-5
1.679	-6.715e-5
1.678	-7.000e-5
1.677	-1.010e-4
1.676	-1.121e-4
1.675	-1.103e-4
1.674	-1.254e-4
1.673	-1.350e-4
1.672	-1.365e-4
1.671	-1.519e-4
1.670	-1.659e-4
1.669	-1.784e-4
1.668	-1.874e-4
1.667	-1.956e-4
1.666	-2.198e-4
1.665	-2.287e-4
1.664	-2.431e-4
1.663	-2.476e-4
1.662	-2.505e-4
1.661	-2.653e-4
1.660	-2.837e-4
1.659	-2.842e-4
1.658	-3.026e-4
1.657	-3.055e-4
1.656	-3.122e-4
1.655	-3.297e-4
1.654	-3.329e-4
1.653	-3.521e-4
1.652	-3.697e-4
1.651	-3.792e-4
1.650	-3.887e-4
1.649	-3.972e-4
1.648	-4.043e-4
1.647	-4.154e-4
1.646	-4.210e-4
1.645	-4.349e-4
1.644	-4.446e-4
1.643	-4.539e-4
1.642	-4.681e-4
1.641	-4.769e-4
1.640	-4.784e-4
1.639	-5.029e-4
1.638	-5.317e-4
1.637	-5.212e-4
1.636	-5.310e-4
1.635	-5.358e-4
1.634	-5.519e-4
1.633	-5.573e-4
1.632	-5.705e-4
1.631	-5.821e-4
1.630	-5.883e-4
1.629	-6.074e-4
1.628	-6.181e-4
1.627	-6.262e-4
1.626	-6.499e-4
1.625	-6.620e-4
1.624	-6.651e-4
1.623	-6.859e-4
1.622	-6.964e-4
1.621	-7.050e-4
1.620	-7.210e-4
1.619	-7.331e-4
1.618	-7.386e-4
1.617	-7.427e-4
1.616	-7.497e-4
1.615	-7.574e-4
1.614	-7.564e-4
1.613	-7.806e-4
1.612	-7.975e-4
1.611	-8.107e-4
1.610	-8.191e-4
1.609	-8.309e-4
1.608	-8.392e-4
1.607	-8.618e-4
1.606	-8.808e-4
1.605	-8.963e-4
1.604	-9.093e-4
1.603	-9.227e-4
1.602	-9.404e-4
1.601	-9.424e-4
1.600	-9.591e-4
1.599	-9.740e-4
1.598	-9.844e-4
1.597	-1.008e-3
1.596	-1.032e-3
1.595	-1.038e-3
1.594	-1.061e-3
1.593	-1.078e-3
1.592	-1.090e-3
1.591	-1.110e-3
1.590	-1.117e-3
1.589	-1.136e-3
1.588	-1.152e-3
1.587	-1.175e-3
1.586	-1.191e-3
1.585	-1.200e-3
1.584	-1.218e-3
1.583	-1.229e-3
1.582	-1.234e-3
1.581	-1.253e-3
1.580	-1.273e-3
1.579	-1.280e-3
1.578	-1.301e-3
1.577	-1.322e-3
1.576	-1.350e-3
1.575	-1.379e-3
1.574	-1.395e-3
1.573	-1.413e-3
1.572	-1.432e-3
1.571	-1.445e-3
1.570	-1.468e-3
1.569	-1.484e-3
1.568	-1.505e-3
1.567	-1.526e-3
1.566	-1.532e-3
1.565	-1.554e-3
1.564	-1.577e-3
1.563	-1.585e-3
1.562	-1.611e-3
1.561	-1.630e-3
1.560	-1.640e-3
1.559	-1.663e-3
1.558	-1.679e-3
1.557	-1.696e-3
1.556	-1.716e-3
1.555	-1.734e-3
1.554	-1.753e-3
1.553	-1.767e-3
1.552	-1.789e-3
1.551	-1.810e-3
1.550	-1.818e-3
1.549	-1.847e-3
1.548	-1.867e-3
1.547	-1.875e-3
1.546	-1.897e-3
1.545	-1.915e-3
1.544	-1.927e-3
1.543	-1.951e-3
1.542	-1.964e-3
1.541	-1.985e-3
1.540	-2.002e-3
1.539	-2.016e-3
1.538	-2.035e-3
1.537	-2.046e-3
1.536	-2.079e-3
1.535	-2.094e-3
1.534	-2.100e-3
1.533	-2.119e-3
1.532	-2.136e-3
1.531	-2.145e-3
1.530	-2.166e-3
1.529	-2.181e-3
1.528	-2.193e-3
1.527	-2.211e-3
1.526	-2.217e-3
1.525	-2.232e-3
1.524	-2.249e-3
1.523	-2.267e-3
1.522	-2.279e-3
1.521	-2.285e-3
1.520	-2.298e-3
1.519	-2.312e-3
1.518	-2.316e-3
1.517	-2.334e-3
1.516	-2.349e-3
1.515	-2.351e-3
1.514	-2.365e-3
1.513	-2.375e-3
1.512	-2.380e-3
1.511	-2.389e-3
1.510	-2.402e-3
1.509	-2.406e-3
1.508	-2.416e-3
1.507	-2.421e-3
1.506	-2.429e-3
1.505	-2.430e-3
1.504	-2.438e-3
1.503	-2.445e-3
1.502	-2.444e-3
1.501	-2.452e-3
1.500	-2.457e-3
1.499	-2.449e-3
1.498	-2.462e-3
1.497	-2.464e-3
1.496	-2.460e-3
1.495	-2.464e-3
1.494	-2.460e-3
1.493	-2.457e-3
1.492	-2.463e-3
1.491	-2.457e-3
1.490	-2.460e-3
1.489	-2.452e-3
1.488	-2.451e-3
1.487	-2.450e-3
1.486	-2.439e-3
1.485	-2.446e-3
1.484	-2.444e-3
1.483	-2.429e-3
1.482	-2.430e-3
1.481	-2.423e-3
1.480	-2.414e-3
1.479	-2.414e-3
1.478	-2.413e-3
1.477	-2.399e-3
1.476	-2.397e-3
1.475	-2.388e-3
1.474	-2.384e-3
1.473	-2.374e-3
1.472	-2.373e-3
1.471	-2.368e-3
1.470	-2.354e-3
1.469	-2.353e-3
1.468	-2.345e-3
1.467	-2.334e-3
1.466	-2.333e-3
1.465	-2.330e-3
1.464	-2.317e-3
1.463	-2.317e-3
1.462	-2.307e-3
1.461	-2.301e-3
1.460	-2.296e-3
1.459	-2.290e-3
1.458	-2.287e-3
1.457	-2.278e-3
1.456	-2.275e-3
1.455	-2.272e-3
1.454	-2.259e-3
1.453	-2.258e-3
1.452	-2.257e-3
1.451	-2.239e-3
1.450	-2.243e-3
1.449	-2.236e-3
1.448	-2.227e-3
1.447	-2.227e-3
1.446	-2.221e-3
1.445	-2.217e-3
1.444	-2.214e-3
1.443	-2.205e-3
1.442	-2.204e-3
1.441	-2.194e-3
1.440	-2.194e-3
1.439	-2.193e-3
1.438	-2.177e-3
1.437	-2.181e-3
1.436	-2.178e-3
1.435	-2.164e-3
1.434	-2.173e-3
1.433	-2.170e-3
1.432	-2.160e-3
1.431	-2.160e-3
1.430	-2.154e-3
1.429	-2.149e-3
1.428	-2.148e-3
1.427	-2.143e-3
1.426	-2.140e-3
1.425	-2.135e-3
1.424	-2.132e-3
1.423	-2.132e-3
1.422	-2.123e-3
1.421	-2.126e-3
1.420	-2.124e-3
1.419	-2.113e-3
1.418	-2.115e-3
1.417	-2.114e-3
1.416	-2.104e-3
1.415	-2.111e-3
1.414	-2.107e-3
1.413	-2.102e-3
1.412	-2.102e-3
1.411	-2.097e-3
1.410	-2.095e-3
1.409	-2.092e-3
1.408	-2.095e-3
1.407	-2.095e-3
1.406	-2.086e-3
1.405	-2.089e-3
1.404	-2.089e-3
1.403	-2.078e-3
1.402	-2.085e-3
1.401	-2.086e-3
1.400	-2.080e-3
1.399	-2.084e-3
1.398	-2.078e-3
1.397	-2.075e-3
1.396	-2.078e-3
1.395	-2.080e-3
1.394	-2.078e-3
1.393	-2.071e-3
1.392	-2.074e-3
1.391	-2.077e-3
1.390	-2.069e-3
1.389	-2.072e-3
1.388	-2.076e-3
1.387	-2.068e-3
1.386	-2.073e-3
1.385	-2.071e-3
1.384	-2.065e-3
1.383	-2.073e-3
1.382	-2.076e-3
1.381	-2.071e-3
1.380	-2.073e-3
1.379	-2.072e-3
1.378	-2.076e-3
1.377	-2.071e-3
1.376	-2.075e-3
1.375	-2.081e-3
1.374	-2.072e-3
1.373	-2.080e-3
1.372	-2.084e-3
1.371	-2.077e-3
1.370	-2.085e-3
1.369	-2.088e-3
1.368	-2.086e-3
1.367	-2.092e-3
1.366	-2.089e-3
1.365	-2.091e-3
1.364	-2.101e-3
1.363	-2.102e-3
1.362	-2.104e-3
1.361	-2.102e-3
1.360	-2.109e-3
1.359	-2.113e-3
1.358	-2.115e-3
1.357	-2.126e-3
1.356	-2.131e-3
1.355	-2.130e-3
1.354	-2.138e-3
1.353	-2.143e-3
1.352	-2.146e-3
1.351	-2.160e-3
1.350	-2.165e-3
1.349	-2.170e-3
1.348	-2.181e-3
1.347	-2.188e-3
1.346	-2.199e-3
1.345	-2.206e-3
1.344	-2.218e-3
1.343	-2.233e-3
1.342	-2.238e-3
1.341	-2.251e-3
1.340	-2.266e-3
1.339	-2.273e-3
1.338	-2.291e-3
1.337	-2.306e-3
1.336	-2.311e-3
1.335	-2.329e-3
1.334	-2.341e-3
1.333	-2.355e-3
1.332	-2.370e-3
1.331	-2.393e-3
1.330	-2.401e-3
1.329	-2.414e-3
1.328	-2.426e-3
1.327	-2.443e-3
1.326	-2.450e-3
1.325	-2.471e-3
1.324	-2.484e-3
1.323	-2.493e-3
1.322	-2.511e-3
1.321	-2.522e-3
1.320	-2.535e-3
1.319	-2.551e-3
1.318	-2.564e-3
1.317	-2.574e-3
1.316	-2.589e-3
1.315	-2.600e-3
1.314	-2.613e-3
1.313	-2.624e-3
1.312	-2.636e-3
1.311	-2.650e-3
1.310	-2.653e-3
1.309	-2.667e-3
1.308	-2.679e-3
1.307	-2.681e-3
1.306	-2.700e-3
1.305	-2.708e-3
1.304	-2.709e-3
1.303	-2.723e-3
1.302	-2.727e-3
1.301	-2.735e-3
1.300	-2.741e-3
1.299	-2.749e-3
1.298	-2.751e-3
1.297	-2.755e-3
1.296	-2.761e-3
1.295	-2.769e-3
1.294	-2.767e-3
1.293	-2.775e-3
1.292	-2.784e-3
1.291	-2.779e-3
1.290	-2.786e-3
1.289	-2.786e-3
1.288	-2.786e-3
1.287	-2.795e-3
1.286	-2.793e-3
1.285	-2.796e-3
1.284	-2.797e-3
1.283	-2.799e-3
1.282	-2.801e-3
1.281	-2.799e-3
1.280	-2.807e-3
1.279	-2.810e-3
1.278	-2.807e-3
1.277	-2.812e-3
1.276	-2.815e-3
1.275	-2.808e-3
1.274	-2.818e-3
1.273	-2.820e-3
1.272	-2.817e-3
1.271	-2.825e-3
1.270	-2.825e-3
1.269	-2.826e-3
1.268	-2.830e-3
1.267	-2.838e-3
1.266	-2.840e-3
1.265	-2.838e-3
1.264	-2.847e-3
1.263	-2.851e-3
1.262	-2.850e-3
1.261	-2.861e-3
1.260	-2.868e-3
1.259	-2.865e-3
1.258	-2.877e-3
1.257	-2.882e-3
1.256	-2.887e-3
1.255	-2.898e-3
1.254	-2.905e-3
1.253	-2.911e-3
1.252	-2.919e-3
1.251	-2.925e-3
1.250	-2.936e-3
1.249	-2.942e-3
1.248	-2.956e-3
1.247	-2.967e-3
1.246	-2.968e-3
1.245	-2.986e-3
1.244	-2.996e-3
1.243	-2.997e-3
1.242	-3.018e-3
1.241	-3.030e-3
1.240	-3.036e-3
1.239	-3.050e-3
1.238	-3.061e-3
1.237	-3.071e-3
1.236	-3.084e-3
1.235	-3.098e-3
1.234	-3.110e-3
1.233	-3.118e-3
1.232	-3.131e-3
1.231	-3.146e-3
1.230	-3.153e-3
1.229	-3.183e-3
1.228	-3.195e-3
1.227	-3.194e-3
1.226	-3.210e-3
1.225	-3.220e-3
1.224	-3.228e-3
1.223	-3.245e-3
1.222	-3.255e-3
1.221	-3.264e-3
1.220	-3.278e-3
1.219	-3.285e-3
1.218	-3.297e-3
1.217	-3.304e-3
1.216	-3.318e-3
1.215	-3.331e-3
1.214	-3.333e-3
1.213	-3.347e-3
1.212	-3.358e-3
1.211	-3.358e-3
1.210	-3.373e-3
1.209	-3.385e-3
1.208	-3.387e-3
1.207	-3.400e-3
1.206	-3.404e-3
1.205	-3.411e-3
1.204	-3.422e-3
1.203	-3.431e-3
1.202	-3.439e-3
1.201	-3.444e-3
