Results:

Channel 1:

Potential/V	Current/A

1.900	1.299e-2
1.899	1.288e-2
1.898	1.277e-2
1.897	1.266e-2
1.896	1.257e-2
1.895	1.249e-2
1.894	1.237e-2
1.893	1.227e-2
1.892	1.219e-2
1.891	1.214e-2
1.890	1.206e-2
1.889	1.199e-2
1.888	1.193e-2
1.887	1.186e-2
1.886	1.179e-2
1.885	1.174e-2
1.884	1.167e-2
1.883	1.159e-2
1.882	1.153e-2
1.881	1.147e-2
1.880	1.139e-2
1.879	1.131e-2
1.878	1.124e-2
1.877	1.121e-2
1.876	1.116e-2
1.875	1.109e-2
1.874	1.104e-2
1.873	1.098e-2
1.872	1.092e-2
1.871	1.087e-2
1.870	1.081e-2
1.869	1.074e-2
1.868	1.067e-2
1.867	1.060e-2
1.866	1.054e-2
1.865	1.049e-2
1.864	1.046e-2
1.863	1.040e-2
1.862	1.035e-2
1.861	1.030e-2
1.860	1.023e-2
1.859	1.015e-2
1.858	1.010e-2
1.857	1.005e-2
1.856	1.000e-2
1.855	9.938e-3
1.854	9.880e-3
1.853	9.830e-3
1.852	9.789e-3
1.851	9.746e-3
1.850	9.703e-3
1.849	9.648e-3
1.848	9.582e-3
1.847	9.523e-3
1.846	9.464e-3
1.845	9.427e-3
1.844	9.415e-3
1.843	9.365e-3
1.842	9.334e-3
1.841	9.304e-3
1.840	9.287e-3
1.839	9.214e-3
1.838	9.162e-3
1.837	9.101e-3
1.836	9.047e-3
1.835	8.995e-3
1.834	8.946e-3
1.833	8.891e-3
1.832	8.843e-3
1.831	8.785e-3
1.830	8.748e-3
1.829	8.721e-3
1.828	8.666e-3
1.827	8.612e-3
1.826	8.578e-3
1.825	8.542e-3
1.824	8.495e-3
1.823	8.458e-3
1.822	8.419e-3
1.821	8.370e-3
1.820	8.345e-3
1.819	8.315e-3
1.818	8.279e-3
1.817	8.227e-3
1.816	8.191e-3
1.815	8.161e-3
1.814	8.128e-3
1.813	8.109e-3
1.812	8.100e-3
1.811	8.096e-3
1.810	8.044e-3
1.809	8.000e-3
1.808	7.978e-3
1.807	7.928e-3
1.806	7.871e-3
1.805	7.827e-3
1.804	7.789e-3
1.803	7.755e-3
1.802	7.732e-3
1.801	7.710e-3
1.800	7.649e-3
1.799	7.605e-3
1.798	7.547e-3
1.797	7.489e-3
1.796	7.476e-3
1.795	7.433e-3
1.794	7.371e-3
1.793	7.323e-3
1.792	7.279e-3
1.791	7.233e-3
1.790	7.199e-3
1.789	7.155e-3
1.788	7.116e-3
1.787	7.069e-3
1.786	7.036e-3
1.785	7.003e-3
1.784	6.962e-3
1.783	6.936e-3
1.782	6.919e-3
1.781	6.891e-3
1.780	6.855e-3
1.779	6.819e-3
1.778	6.798e-3
1.777	6.760e-3
1.776	6.722e-3
1.775	6.683e-3
1.774	6.661e-3
1.773	6.623e-3
1.772	6.591e-3
1.771	6.546e-3
1.770	6.494e-3
1.769	6.456e-3
1.768	6.419e-3
1.767	6.405e-3
1.766	6.394e-3
1.765	6.369e-3
1.764	6.340e-3
1.763	6.317e-3
1.762	6.295e-3
1.761	6.260e-3
1.760	6.228e-3
1.759	6.192e-3
1.758	6.177e-3
1.757	6.150e-3
1.756	6.108e-3
1.755	6.076e-3
1.754	6.053e-3
1.753	6.011e-3
1.752	5.974e-3
1.751	5.940e-3
1.750	5.909e-3
1.749	5.866e-3
1.748	5.833e-3
1.747	5.806e-3
1.746	5.779e-3
1.745	5.750e-3
1.744	5.707e-3
1.743	5.664e-3
1.742	5.635e-3
1.741	5.593e-3
1.740	5.562e-3
1.739	5.531e-3
1.738	5.491e-3
1.737	5.470e-3
1.736	5.453e-3
1.735	5.417e-3
1.734	5.385e-3
1.733	5.366e-3
1.732	5.324e-3
1.731	5.299e-3
1.730	5.278e-3
1.729	5.247e-3
1.728	5.207e-3
1.727	5.181e-3
1.726	5.131e-3
1.725	5.095e-3
1.724	5.055e-3
1.723	5.042e-3
1.722	5.007e-3
1.721	4.975e-3
1.720	4.952e-3
1.719	4.933e-3
1.718	4.910e-3
1.717	4.895e-3
1.716	4.888e-3
1.715	4.862e-3
1.714	4.837e-3
1.713	4.810e-3
1.712	4.783e-3
1.711	4.741e-3
1.710	4.711e-3
1.709	4.684e-3
1.708	4.651e-3
1.707	4.607e-3
1.706	4.563e-3
1.705	4.528e-3
1.704	4.503e-3
1.703	4.477e-3
1.702	4.451e-3
1.701	4.421e-3
1.700	4.386e-3
1.699	4.343e-3
1.698	4.319e-3
1.697	4.305e-3
1.696	4.283e-3
1.695	4.253e-3
1.694	4.205e-3
1.693	4.175e-3
1.692	4.155e-3
1.691	4.132e-3
1.690	4.104e-3
1.689	4.084e-3
1.688	4.050e-3
1.687	4.027e-3
1.686	4.001e-3
1.685	3.982e-3
1.684	3.960e-3
1.683	3.934e-3
1.682	3.919e-3
1.681	3.897e-3
1.680	3.869e-3
1.679	3.848e-3
1.678	3.827e-3
1.677	3.801e-3
1.676	3.776e-3
1.675	3.752e-3
1.674	3.735e-3
1.673	3.698e-3
1.672	3.668e-3
1.671	3.647e-3
1.670	3.614e-3
1.669	3.581e-3
1.668	3.556e-3
1.667	3.527e-3
1.666	3.504e-3
1.665	3.476e-3
1.664	3.450e-3
1.663	3.430e-3
1.662	3.406e-3
1.661	3.383e-3
1.660	3.356e-3
1.659	3.332e-3
1.658	3.314e-3
1.657	3.281e-3
1.656	3.253e-3
1.655	3.215e-3
1.654	3.193e-3
1.653	3.165e-3
1.652	3.146e-3
1.651	3.124e-3
1.650	3.091e-3
1.649	3.063e-3
1.648	3.046e-3
1.647	3.021e-3
1.646	2.998e-3
1.645	2.974e-3
1.644	2.945e-3
1.643	2.917e-3
1.642	2.901e-3
1.641	2.872e-3
1.640	2.847e-3
1.639	2.817e-3
1.638	2.788e-3
1.637	2.764e-3
1.636	2.742e-3
1.635	2.722e-3
1.634	2.695e-3
1.633	2.666e-3
1.632	2.638e-3
1.631	2.613e-3
1.630	2.590e-3
1.629	2.568e-3
1.628	2.545e-3
1.627	2.523e-3
1.626	2.500e-3
1.625	2.477e-3
1.624	2.456e-3
1.623	2.430e-3
1.622	2.405e-3
1.621	2.380e-3
1.620	2.360e-3
1.619	2.342e-3
1.618	2.319e-3
1.617	2.294e-3
1.616	2.271e-3
1.615	2.246e-3
1.614	2.227e-3
1.613	2.203e-3
1.612	2.182e-3
1.611	2.159e-3
1.610	2.138e-3
1.609	2.117e-3
1.608	2.096e-3
1.607	2.074e-3
1.606	2.054e-3
1.605	2.030e-3
1.604	2.012e-3
1.603	1.991e-3
1.602	1.968e-3
1.601	1.950e-3
1.600	1.930e-3
1.599	1.911e-3
1.598	1.892e-3
1.597	1.874e-3
1.596	1.855e-3
1.595	1.834e-3
1.594	1.817e-3
1.593	1.797e-3
1.592	1.778e-3
1.591	1.759e-3
1.590	1.740e-3
1.589	1.721e-3
1.588	1.704e-3
1.587	1.680e-3
1.586	1.659e-3
1.585	1.643e-3
1.584	1.623e-3
1.583	1.602e-3
1.582	1.586e-3
1.581	1.566e-3
1.580	1.545e-3
1.579	1.527e-3
1.578	1.513e-3
1.577	1.493e-3
1.576	1.475e-3
1.575	1.458e-3
1.574	1.440e-3
1.573	1.420e-3
1.572	1.400e-3
1.571	1.381e-3
1.570	1.366e-3
1.569	1.350e-3
1.568	1.329e-3
1.567	1.310e-3
1.566	1.294e-3
1.565	1.275e-3
1.564	1.258e-3
1.563	1.242e-3
1.562	1.226e-3
1.561	1.207e-3
1.560	1.191e-3
1.559	1.174e-3
1.558	1.159e-3
1.557	1.144e-3
1.556	1.128e-3
1.555	1.112e-3
1.554	1.095e-3
1.553	1.079e-3
1.552	1.065e-3
1.551	1.047e-3
1.550	1.032e-3
1.549	1.016e-3
1.548	1.002e-3
1.547	9.869e-4
1.546	9.721e-4
1.545	9.571e-4
1.544	9.451e-4
1.543	9.298e-4
1.542	9.157e-4
1.541	9.016e-4
1.540	8.858e-4
1.539	8.720e-4
1.538	8.563e-4
1.537	8.420e-4
1.536	8.252e-4
1.535	8.115e-4
1.534	7.988e-4
1.533	7.829e-4
1.532	7.697e-4
1.531	7.584e-4
1.530	7.438e-4
1.529	7.305e-4
1.528	7.179e-4
1.527	7.042e-4
1.526	6.905e-4
1.525	6.783e-4
1.524	6.652e-4
1.523	6.521e-4
1.522	6.399e-4
1.521	6.280e-4
1.520	6.156e-4
1.519	6.039e-4
1.518	5.913e-4
1.517	5.785e-4
1.516	5.664e-4
1.515	5.551e-4
1.514	5.432e-4
1.513	5.319e-4
1.512	5.184e-4
1.511	5.064e-4
1.510	4.959e-4
1.509	4.832e-4
1.508	4.730e-4
1.507	4.617e-4
1.506	4.507e-4
1.505	4.402e-4
1.504	4.288e-4
1.503	4.185e-4
1.502	4.085e-4
1.501	3.995e-4
1.500	3.896e-4
1.499	3.798e-4
1.498	3.696e-4
1.497	3.597e-4
1.496	3.503e-4
1.495	3.406e-4
1.494	3.316e-4
1.493	3.225e-4
1.492	3.138e-4
1.491	3.036e-4
1.490	2.967e-4
1.489	2.862e-4
1.488	2.785e-4
1.487	2.697e-4
1.486	2.617e-4
1.485	2.522e-4
1.484	2.428e-4
1.483	2.356e-4
1.482	2.264e-4
1.481	2.179e-4
1.480	2.112e-4
1.479	2.022e-4
1.478	1.943e-4
1.477	1.868e-4
1.476	1.805e-4
1.475	1.732e-4
1.474	1.659e-4
1.473	1.586e-4
1.472	1.506e-4
1.471	1.430e-4
1.470	1.374e-4
1.469	1.309e-4
1.468	1.234e-4
1.467	1.180e-4
1.466	1.108e-4
1.465	1.037e-4
1.464	9.891e-5
1.463	9.321e-5
1.462	8.633e-5
1.461	8.142e-5
1.460	7.641e-5
1.459	6.894e-5
1.458	6.403e-5
1.457	5.951e-5
1.456	5.302e-5
1.455	4.781e-5
1.454	4.349e-5
1.453	3.759e-5
1.452	3.248e-5
1.451	2.757e-5
1.450	2.276e-5
1.449	1.834e-5
1.448	1.401e-5
1.447	9.688e-6
1.446	4.481e-6
1.445	-5.306e-7
1.444	-4.658e-6
1.443	-8.588e-6
1.442	-1.311e-5
1.441	-1.625e-5
1.440	-2.136e-5
1.439	-2.490e-5
1.438	-2.844e-5
1.437	-3.227e-5
1.436	-3.571e-5
1.435	-3.934e-5
1.434	-4.406e-5
1.433	-4.858e-5
1.432	-5.143e-5
1.431	-5.448e-5
1.430	-5.772e-5
1.429	-6.076e-5
1.428	-6.322e-5
1.427	-6.774e-5
1.426	-6.961e-5
1.425	-7.285e-5
1.424	-7.570e-5
1.423	-7.845e-5
1.422	-8.051e-5
1.421	-8.474e-5
1.420	-8.779e-5
1.419	-8.965e-5
1.418	-9.221e-5
1.417	-9.447e-5
1.416	-9.722e-5
1.415	-9.948e-5
1.414	-1.023e-4
1.413	-1.037e-4
1.412	-1.055e-4
1.411	-1.078e-4
1.410	-1.091e-4
1.409	-1.117e-4
1.408	-1.141e-4
1.407	-1.157e-4
1.406	-1.170e-4
1.405	-1.180e-4
1.404	-1.203e-4
1.403	-1.216e-4
1.402	-1.238e-4
1.401	-1.259e-4
1.400	-1.267e-4
1.399	-1.277e-4
1.398	-1.298e-4
1.397	-1.304e-4
1.396	-1.319e-4
1.395	-1.344e-4
1.394	-1.355e-4
1.393	-1.358e-4
1.392	-1.370e-4
1.391	-1.390e-4
1.390	-1.407e-4
1.389	-1.413e-4
1.388	-1.426e-4
1.387	-1.431e-4
1.386	-1.428e-4
1.385	-1.450e-4
1.384	-1.431e-4
1.383	-1.461e-4
1.382	-1.485e-4
1.381	-1.491e-4
1.380	-1.497e-4
1.379	-1.510e-4
1.378	-1.518e-4
1.377	-1.509e-4
1.376	-1.530e-4
1.375	-1.545e-4
1.374	-1.541e-4
1.373	-1.544e-4
1.372	-1.542e-4
1.371	-1.548e-4
1.370	-1.569e-4
1.369	-1.577e-4
1.368	-1.572e-4
1.367	-1.582e-4
1.366	-1.594e-4
1.365	-1.585e-4
1.364	-1.588e-4
1.363	-1.593e-4
1.362	-1.598e-4
1.361	-1.598e-4
1.360	-1.607e-4
1.359	-1.619e-4
1.358	-1.613e-4
1.357	-1.631e-4
1.356	-1.633e-4
1.355	-1.631e-4
1.354	-1.645e-4
1.353	-1.650e-4
1.352	-1.642e-4
1.351	-1.650e-4
1.350	-1.661e-4
1.349	-1.645e-4
1.348	-1.670e-4
1.347	-1.664e-4
1.346	-1.672e-4
1.345	-1.670e-4
1.344	-1.685e-4
1.343	-1.683e-4
1.342	-1.672e-4
1.341	-1.679e-4
1.340	-1.678e-4
1.339	-1.679e-4
1.338	-1.680e-4
1.337	-1.689e-4
1.336	-1.686e-4
1.335	-1.693e-4
1.334	-1.696e-4
1.333	-1.694e-4
1.332	-1.701e-4
1.331	-1.717e-4
1.330	-1.718e-4
1.329	-1.725e-4
1.328	-1.719e-4
1.327	-1.711e-4
1.326	-1.713e-4
1.325	-1.727e-4
1.324	-1.729e-4
1.323	-1.722e-4
1.322	-1.738e-4
1.321	-1.737e-4
1.320	-1.725e-4
1.319	-1.734e-4
1.318	-1.749e-4
1.317	-1.750e-4
1.316	-1.750e-4
1.315	-1.757e-4
1.314	-1.758e-4
1.313	-1.754e-4
1.312	-1.762e-4
1.311	-1.782e-4
1.310	-1.768e-4
1.309	-1.786e-4
1.308	-1.785e-4
1.307	-1.793e-4
1.306	-1.801e-4
1.305	-1.812e-4
1.304	-1.813e-4
1.303	-1.830e-4
1.302	-1.839e-4
1.301	-1.838e-4
1.300	-1.853e-4
1.299	-1.857e-4
1.298	-1.874e-4
1.297	-1.880e-4
1.296	-1.881e-4
1.295	-1.894e-4
1.294	-1.900e-4
1.293	-1.915e-4
1.292	-1.939e-4
1.291	-1.936e-4
1.290	-1.947e-4
1.289	-1.959e-4
1.288	-1.967e-4
1.287	-1.976e-4
1.286	-2.004e-4
1.285	-2.015e-4
1.284	-2.025e-4
1.283	-2.037e-4
1.282	-2.053e-4
1.281	-2.062e-4
1.280	-2.088e-4
1.279	-2.113e-4
1.278	-2.142e-4
1.277	-2.151e-4
1.276	-2.166e-4
1.275	-2.189e-4
1.274	-2.212e-4
1.273	-2.220e-4
1.272	-2.245e-4
1.271	-2.280e-4
1.270	-2.288e-4
1.269	-2.314e-4
1.268	-2.337e-4
1.267	-2.376e-4
1.266	-2.387e-4
1.265	-2.416e-4
1.264	-2.440e-4
1.263	-2.466e-4
1.262	-2.499e-4
1.261	-2.521e-4
1.260	-2.558e-4
1.259	-2.580e-4
1.258	-2.616e-4
1.257	-2.642e-4
1.256	-2.676e-4
1.255	-2.708e-4
1.254	-2.749e-4
1.253	-2.791e-4
1.252	-2.817e-4
1.251	-2.856e-4
1.250	-2.882e-4
1.249	-2.908e-4
1.248	-2.961e-4
1.247	-2.992e-4
1.246	-3.017e-4
1.245	-3.055e-4
1.244	-3.086e-4
1.243	-3.136e-4
1.242	-3.172e-4
1.241	-3.223e-4
1.240	-3.254e-4
1.239	-3.294e-4
1.238	-3.329e-4
1.237	-3.366e-4
1.236	-3.400e-4
1.235	-3.448e-4
1.234	-3.493e-4
1.233	-3.522e-4
1.232	-3.561e-4
1.231	-3.595e-4
1.230	-3.644e-4
1.229	-3.707e-4
1.228	-3.753e-4
1.227	-3.783e-4
1.226	-3.830e-4
1.225	-3.867e-4
1.224	-3.910e-4
1.223	-3.946e-4
1.222	-3.982e-4
1.221	-4.035e-4
1.220	-4.066e-4
1.219	-4.109e-4
1.218	-4.147e-4
1.217	-4.187e-4
1.216	-4.241e-4
1.215	-4.281e-4
1.214	-4.310e-4
1.213	-4.356e-4
1.212	-4.403e-4
1.211	-4.433e-4
1.210	-4.469e-4
1.209	-4.505e-4
1.208	-4.556e-4
1.207	-4.607e-4
1.206	-4.634e-4
1.205	-4.676e-4
1.204	-4.723e-4
1.203	-4.765e-4
1.202	-4.805e-4
1.201	-4.848e-4
